6471
2136
2188
9566
8363
6895
7985
1402
6547
1102
896
6570
7075
553
4031
5079
9465
8917
3694
1955
2225
7373
5958
3919
2570
2632
1903
7087
3617
2910
3695
1938
5479
2100
2823
6507
23
5831
3554
982
300
142
4854
3383
6847
8295
3712
7821
1820
6925
1990
3446
5641
3915
9419
1793
1051
843
6027
666
8874
7605
1882
8476
470
7408
6939
9486
140
9668
311
8458
2465
8314
446
3339
5951
8571
1381
509
7523
6611
2557
5792
4902
3134
7329
5768
299
5474
8558
8053
8579
5472
5239
200
4518
89
3410
5496
7113
4666
4554
3833
5388
9422
7354
3976
2450
2842
8322
4348
5570
1486
3438
5054
7662
2590
6214
9713
3859
1661
2521
4960
2130
240
6325
5037
1026
2424
4457
9373
6806
1177
8532
1656
7760
1888
6950
6733
2494
4777
3003
5848
9425
8875
1374
3369
8135
2663
3875
8241
3013
1845
3735
9591
2437
8302
8482
4435
4202
4189
8566
135
9463
3861
6058
7457
7587
7166
4080
6713
1853
4271
8420
6752
2897
3018
9070
5563
3841
1186
3237
2779
9385
9932
37
6352
7562
1774
711
1513
6902
7006
9297
2431
536
2621
5506
8668
7459
783
4055
2844
5758
6771
864
6562
9072
2806
5428
5881
2109
4568
5241
6839
4101
9451
5782
7617
1841
1461
3258
2560
6417
2594
768
9151
9237
7511
2200
6623
9439
2647
4957
5650
5173
5503
7083
2006
9950
5999
8028
773
9774
9458
5736
1423
2677
390
4498
7415
7955
4574
5556
4803
9772
3325
6115
2954
9908
6294
4508
6547
887
5665
7957
578
2084
9237
9765
8410
4170
3016
4240
7
8252
3978
646
8120
8159
1308
5598
7665
4663
9009
9928
3778
8466
5364
5942
8317
4097
3451
453
6029
767
4330
516
1869
6006
555
2393
5199
3489
3377
1544
8306
5908
7766
6284
716
7457
381
5333
8856
1928
2525
692
9726
1696
8147
6268
834
6657
3779
5430
7720
3008
7052
7322
7597
7129
4481
982
3247
9230
8135
9453
6798
2136
8098
3284
9685
4098
5202
8994
8456
3789
5375
7536
1859
6076
6340
6691
6767
3848
1276
1397
1242
6691
7032
1937
710
8915
5210
5212
3098
494
4730
6877
1365
4641
8356
8794
8376
6054
7228
6190
9713
8797
7458
8838
1831
2885
7855
7041
9503
8111
8129
7696
9028
1867
8517
8548
162
193
8080
3395
8760
3183
841
8950
2490
4365
5788
6501
6297
2280
6732
6552
5653
3894
6315
2558
3496
7918
6406
5942
6685
3882
9977
7590
9715
8570
492
5803
6631
5022
8170
4521
7601
2278
5094
5807
6114
4334
6936
3635
4654
2234
4040
8611
4781
2358
27
4408
6205
2832
346
9491
558
3504
4082
1153
48
5693
1325
4144
1780
8204
6892
2789
5397
7324
5048
5681
3943
1878
7464
4974
4346
6705
1906
7144
7443
6574
330
3073
207
5627
9265
4334
6547
6374
2476
4064
6174
1999
1025
7651
5551
2852
3152
2513
7273
4160
3842
1740
1408
1633
4688
9641
893
8908
3848
3877
9327
3569
5819
2431
3934
980
7175
6789
3040
5483
205
2344
2206
282
6342
9197
1436
5378
8160
328
8603
4492
3690
482
4122
5659
7323
8905
9263
7881
1223
277
2848
9340
9721
9618
8008
3992
8221
4618
3512
122
888
210
8128
581
9009
8984
4238
9884
6550
293
6121
5360
118
6101
3264
8326
147
6856
8020
5813
6235
8147
6294
2817
4934
2535
5998
145
6379
8014
4604
2019
5685
2292
1524
1700
3636
8357
3955
2201
5445
919
8923
2858
8055
7337
186
5471
24
3715
955
3032
2413
8513
2145
9701
2138
423
4769
2850
9931
6602
3758
9475
645
1764
7659
2833
235
5027
485
7179
7801
4541
2786
5721
9947
5046
9243
8126
653
3765
44
8904
6847
3418
4077
1420
8599
4929
9969
6994
3437
3660
6032
1966
1518
3720
5722
4029
5329
596
29
5191
6990
7121
8455
8341
3317
3881
9738
704
5737
5688
6736
6354
6514
6963
4214
9336
1679
5562
2201
4743
872
4605
44
708
7076
2315
6837
6745
4533
6184
5907
1992
600
1175
5329
6085
966
5981
345
1154
1349
6885
9514
6344
6828
7510
5502
4130
770
5094
7720
4061
6281
3948
8091
6155
6521
6786
2009
7074
1821
3756
5577
950
8078
4557
9289
2696
4204
1722
5648
265
567
1446
1610
9879
5944
1544
3775
8106
156
7005
4026
8706
1688
1950
5437
6783
3342
4711
6273
854
3701
594
9448
1600
8833
6934
38
1925
4657
9501
6251
6978
5839
7072
7064
3978
7763
3204
123
1658
4545
7267
5710
6140
2572
5801
8259
1269
5536
9315
8683
7741
1399
2873
7350
2840
5475
9171
4631
3647
8246
8647
9840
5354
7550
3054
9458
968
2134
6857
2375
1253
3932
4098
678
7191
6987
8490
1617
126
3027
8922
9358
1703
248
2296
7217
8758
7687
2348
6887
3929
6796
644
9660
6478
1095
1661
1171
3158
924
3583
8697
14
8284
8852
3112
8068
4276
7542
7678
9833
3853
4490
4136
6296
3684
3669
8915
9106
1545
1828
3361
6566
719
2205
1586
2951
2607
5657
7897
1628
8063
534
592
3337
3538
3652
6041
4077
9702
2215
2818
4806
6250
7034
2554
6703
1527
1625
1463
3259
8334
7588
3029
6090
4258
3041
9401
8155
7104
120
1739
6053
9223
9609
463
6224
6697
7133
2210
9575
7487
1463
1512
1140
3938
435
9667
4476
4021
9435
7652
5584
5178
2308
3439
9348
5143
7830
5965
4812
535
8234
22
5077
3397
2215
3916
8442
6904
8797
2303
486
947
6309
3322
1172
3238
7330
8857
2815
2303
3652
8864
167
894
7758
2860
8845
4603
5406
3547
598
6497
2622
9948
3161
2034
2979
3006
6430
2067
181
5894
3008
1659
6880
7958
8152
1209
2395
3343
3187
6133
362
735
2306
309
5307
177
6096
9153
5467
2420
204
9894
132
3876
4706
3993
9546
8481
5645
9911
6564
8617
353
3211
3669
5859
304
6977
4287
8103
