83971
15790
5737
22496
39824
87286
87531
38140
89274
69732
16337
87139
5855
85200
76470
14405
80652
52552
38094
91205
58718
72987
42748
3589
22563
85246
91910
1110
90299
31151
14376
89736
93815
50448
59221
29241
44181
15703
25395
19472
62478
414
91238
66971
23310
76112
40680
89525
48353
82004
33974
84241
89145
15034
5518
79937
30715
79525
64353
88562
82679
71482
84234
23589
35217
47705
6599
33737
91582
4514
20214
11133
65888
33030
56538
6835
15711
7388
63017
8772
59870
4452
62579
52121
39822
16290
52552
2243
29420
28783
23266
64431
88938
44619
77463
49297
75133
22909
51733
88256
47340
84586
36864
60910
77739
58710
72485
21825
92624
23455
9119
75888
51748
25849
33935
27765
74938
74656
8178
55516
25535
72110
27539
71599
19115
2970
8465
88094
68839
88824
44222
12203
26882
37629
84550
69141
48600
58804
98240
75521
31221
47558
76666
25946
78216
97810
73097
82964
11522
78115
16331
64829
71783
78977
47966
78494
26268
43544
23614
99202
5077
89673
83422
84691
1781
31829
34085
34308
90690
27524
99395
37014
34612
93477
28175
4719
22813
6974
63134
69761
61660
59071
42272
7634
51348
66158
14946
96803
50323
64171
67306
41920
36192
80681
39029
67227
97452
52430
30519
87272
31628
88606
32841
40124
13378
86589
9253
84411
86756
2342
41366
96693
23368
38133
76535
83130
55377
44893
85975
32034
93760
11825
9225
95800
64817
66579
76715
14751
16624
40435
10340
64101
43986
74801
84987
99195
10041
24404
51482
11903
89599
47884
50966
86395
37515
29163
93419
67830
7212
95443
40700
77018
48330
86870
64220
69431
52346
57473
40865
39712
68468
61187
42413
9059
38826
36366
92559
4155
27669
8764
97700
16246
97333
26215
90433
57878
53341
50139
76379
63847
1472
58926
26151
32384
24982
84385
64270
87216
10177
33334
37614
91336
60636
54264
1823
82878
14082
74385
22587
59024
57037
99594
9885
58996
86690
83798
55707
85904
94238
62151
2085
93026
36638
25449
48841
38969
33505
5677
30723
6022
88581
59541
65235
49478
10123
70945
8985
16368
34836
82908
97876
84124
43163
64301
45681
48450
93255
7279
50476
89756
27025
2997
77946
98028
84784
51606
80239
74656
43928
96922
99651
51903
19894
96589
86713
95319
16538
92898
45915
53234
85813
49790
96717
75767
69038
4894
48204
16285
6841
46771
35336
61099
67404
59342
74520
74901
95117
88553
26748
70120
77933
70119
96431
14146
79032
23760
16763
80443
8864
59792
93991
29852
54497
51153
10012
53338
54179
14748
99870
35947
13001
3172
82092
40895
25360
15996
32104
84777
22936
93613
56141
68493
5189
48857
63496
39192
8111
54160
69780
89268
34363
96904
66678
83079
50138
25300
97196
92401
34088
85582
75852
93144
42534
16818
99146
87238
16743
88833
21444
46533
14951
44082
5095
96684
41843
44467
29673
89102
94599
52338
5896
93415
12123
63157
56071
38124
63740
42843
41562
65123
86365
15329
11347
85942
13852
87086
30098
77385
45317
49965
96435
19758
44402
60950
92841
65076
77769
89503
86855
87948
52898
73790
19521
42608
87118
8096
34740
42752
73958
11657
21552
75682
39954
8461
56125
20918
32086
44911
88963
73235
85814
44502
11206
12954
96250
17747
73957
65676
67350
53265
52914
22303
31977
10296
59322
67761
58393
26304
62080
978
82282
37285
75444
39237
5818
466
89737
27596
73818
11775
94491
55755
28838
15909
44758
55306
70261
24290
54117
75682
53730
65897
36570
3036
71425
31300
48596
54678
58075
56220
27692
43800
80481
9777
11744
38495
90853
5590
88589
44260
46396
57163
89915
892
91650
36707
56396
85251
60450
23186
33398
82240
78310
3905
45611
39762
98341
47120
28284
5970
63886
60079
4868
7524
61955
27308
19100
4464
67992
12526
1969
16878
82792
96948
25167
41993
44941
73126
29172
51876
88336
9101
73997
15285
26633
78815
91360
17390
24495
54844
12180
35834
69713
55109
51805
61582
48609
50241
29810
6073
51310
61241
8296
48826
48082
6403
26690
21342
21060
89856
5723
96903
63759
61840
23466
93636
23737
13488
88348
16523
49811
17277
25378
51323
68694
45706
23866
54716
53616
51510
30209
96439
94427
64277
77132
48856
15105
7874
89592
15388
27075
19169
88015
96278
46147
28259
20153
30196
72147
31659
34021
72366
70301
59784
43080
88392
2348
81378
50360
41627
36559
41371
7858
50813
39511
60173
23054
97960
85450
64468
70377
31748
3742
90473
56421
35096
44389
25841
89018
32398
66637
56526
5015
92272
38595
28849
23237
94615
87939
27909
44113
71385
61558
53079
93226
58956
49867
53757
18068
33654
51939
22880
94098
43518
13313
19335
66219
93342
55481
98283
64198
43560
94907
66193
35640
24572
9268
77788
32906
90960
39332
67692
42559
68728
50953
13429
25871
25399
31423
87549
89339
27179
19468
33760
95070
71976
59907
62623
87707
61909
2761
8666
38519
59150
86133
29655
84936
67602
31261
52514
7513
16897
25454
46495
29749
93747
41741
77100
13770
74660
5313
22056
53309
44986
775
93998
92699
83308
52417
23872
79850
76482
558
27127
57441
79090
76461
8410
12885
86766
74067
19792
22173
53632
88867
96567
39757
22689
77110
29939
42916
76314
42519
24252
28375
23963
29509
41988
28778
44429
37315
48963
712
35574
54194
65145
53156
82957
4534
55519
13307
26059
50407
89909
97820
20934
22522
4738
32962
31808
12470
30104
73275
56447
28134
8335
61589
44178
74835
4174
36526
59017
85547
79077
18498
11304
97672
55404
86420
84365
95058
86725
10112
31732
50453
19806
97965
34559
89790
83790
52681
4392
34275
76162
60626
27450
97726
51999
59762
91946
74006
88155
94235
68770
14820
73193
29813
22171
2534
70065
16313
16080
35308
92542
27282
29868
5591
93556
28347
87607
50816
14308
46112
31545
6305
53
63761
87240
63286
42006
96489
46186
96995
45795
15263
96004
98632
33382
36693
9698
73993
87450
46966
64222
37083
6808
99839
49527
23783
2461
31666
42065
472
41134
68122
78685
85029
63483
63790
64594
64672
40245
67417
84863
28747
96658
37280
88121
75767
11067
49322
967
83587
76839
78621
73214
87683
42508
77440
198
81016
89946
42698
29261
12267
53722
4773
33297
98115
60201
37913
84112
88474
71175
94705
5251
73716
57352
15671
53252
99222
17992
64146
27591
33285
39442
79770
38047
63408
86072
1631
39776
77107
19824
89320
7380
14480
28061
46848
35172
88868
89254
11345
99508
67518
84905
9720
67742
68421
88784
12606
59864
30819
90297
14543
12886
3260
88417
30072
29323
78037
35650
31076
33011
90479
84654
88819
41003
13660
74901
93567
3443
37824
8323
83342
44078
2280
21075
34888
24344
29425
16901
37658
64780
40298
84969
45409
18164
35733
55455
82952
82197
15063
45033
23478
67669
73860
97285
74998
50147
77620
71911
68005
80771
3953
49474
56326
77275
95331
68946
93800
47925
86502
62800
97150
98536
14356
20053
54402
91267
93450
47460
91708
45553
97194
48773
85436
67487
94639
57534
17702
79156
80348
72774
75018
82319
93170
10144
98834
39035
88897
30600
39782
15644
40853
79613
34832
48125
35589
68686
94994
78379
45829
15265
45293
4339
63904
8895
24614
2937
1166
10796
34338
89684
89602
89350
31769
28664
89812
57798
22786
14973
83097
3257
97180
29169
61266
89197
4221
32916
61359
31969
60958
39720
20092
27394
59840
30491
62598
60601
24404
8316
72809
14257
25058
9208
62338
75899
94572
50540
71309
23533
66608
93984
2931
40983
64336
63931
99674
38694
21268
4610
42076
44264
76072
5892
78339
94217
2153
51265
93808
57013
46029
44705
3560
81087
9459
37908
47888
54826
96525
57835
2043
53580
1241
17280
64499
10619
28195
58286
59428
33665
8181
48337
39486
18182
20680
12959
81440
54343
59089
55697
43680
42471
94641
30851
53971
72567
18016
12819
74195
71729
87509
99633
56045
70552
8228
1152
12014
88221
30395
58439
31065
9906
29245
12982
18898
60583
10118
63476
17100
32042
84529
76377
85057
11463
6587
44585
11136
13227
55415
46434
85489
75009
17673
27196
29982
67093
84262
89064
5101
3992
29968
78249
20950
67071
44176
20605
68087
83652
43426
78790
88240
49818
70350
6927
23263
71695
71483
42543
59052
5244
92850
31165
69092
56647
12873
58440
13833
3628
43540
3860
51977
6703
18922
70758
83975
49377
97531
9830
48797
37424
54037
12357
26681
33826
91656
24153
52115
54996
73343
82207
27812
57111
76032
4334
15231
91854
92108
65540
9597
64102
42725
32235
8853
32038
70616
31356
78740
53599
95473
53790
49115
65437
44619
71212
80023
39602
85403
48784
2902
36168
60099
24499
76901
84371
23074
65596
63072
9158
41385
73177
4489
66468
64325
84456
98137
50279
88406
46817
6366
31219
19141
34200
25487
88013
71115
98552
15677
4425
65690
94345
21224
96625
59095
6516
2320
71120
69627
4385
50938
53970
3714
9283
89441
90810
54081
43197
66343
86996
47599
11573
60164
94293
48898
83983
32169
96703
19228
11955
23591
25597
62947
62080
79510
9106
92870
43801
21243
72833
85580
68255
20641
88905
91435
85145
18064
25865
18617
94730
90374
32780
35895
59040
47926
42473
19085
25808
71293
77091
6625
60704
50354
5011
18078
73095
64176
81762
42888
75370
75204
85970
85654
61677
91770
76585
86423
95243
67723
16065
82931
84606
73189
47250
60060
69809
48678
10627
63569
68205
77181
63510
67403
55177
2020
79465
29131
57943
85623
82269
61799
38725
70272
86321
55027
86025
25099
4872
97207
28713
89062
99538
41437
73097
74368
80035
80752
21757
46393
88297
87166
61853
31289
41790
77416
19870
15026
78794
23736
31936
31048
57858
44734
4960
12794
11476
85273
86585
70679
2525
55208
67555
82480
7873
75118
18844
22567
63313
97487
66638
11403
59914
20498
49398
56797
9412
3140
73221
85224
38387
17081
98411
77465
68868
613
56423
1673
49498
72447
30657
92848
73030
23428
65153
93250
85248
96634
47626
28244
30897
46693
47459
36074
58970
29639
64577
8103
89282
73938
37389
51016
59766
8452
38057
69317
37685
43303
49059
80810
83703
71818
61704
45809
49403
27787
51675
73855
82704
72346
44120
71449
8013
8078
97440
34840
16815
57332
714
32770
99949
45735
25779
9827
22915
62048
4874
4771
59447
97196
18664
8290
72501
15951
80245
60395
2911
98395
59485
2653
62082
20247
83043
12505
78769
34484
94381
27853
73854
21638
78070
54841
38815
88964
39202
55134
71463
61182
78928
33316
87426
68899
69905
7693
4651
26741
93246
15999
48129
32991
85211
89984
4124
10532
192
52868
44723
95728
96028
63488
69396
24703
38309
39267
45916
33620
42733
66203
76398
20243
44852
68988
20366
3705
67202
33002
7024
52087
3190
93257
63290
44616
43764
15811
35200
55298
65181
46302
25683
27847
5475
10912
6370
95340
27526
79870
66438
60466
97739
33478
56150
82158
56349
77016
43457
65825
90320
79251
28957
49823
54197
67250
42731
64350
35201
56430
26563
13805
18566
90486
34712
32002
97997
72152
90749
26349
86604
39941
49031
45792
89492
94289
65539
15219
22583
68
62488
63093
15961
89719
45733
99718
54165
5844
70486
2428
50105
38739
11750
99002
26980
93232
83595
99761
15257
56648
27115
92666
75135
94341
71807
87030
67475
70759
81094
23051
37984
3298
25139
322
98669
78443
95688
30238
73977
83601
79896
9328
39807
63904
91083
70116
76231
11654
10122
1200
94185
50078
15191
82423
74504
23297
15187
94583
80252
71072
66424
83010
85418
95520
9469
37428
72530
28145
99413
47791
15553
73812
33043
22877
8577
12704
45456
38810
66698
59741
47774
51416
9156
49921
82293
54850
47480
81303
85353
93589
7459
88220
7025
33650
29902
45351
89024
92083
57673
60563
12917
55614
78944
21910
71700
47961
40033
35693
82912
12562
47006
57683
90285
85121
38144
60642
11272
39326
8278
18334
10991
9814
93768
85622
8224
35501
75569
53056
40033
51624
2898
25090
63186
80749
9151
88985
16403
74936
14343
83173
81783
55683
60064
16336
5896
26847
93334
51010
211
41531
3987
13983
52930
95746
22410
49787
15703
70192
11447
39428
96818
32668
1577
99446
6459
70721
33675
36158
28735
42427
87576
19410
40616
37782
39384
74979
57229
59147
13204
20283
4236
26360
38464
61539
5908
13349
1847
44429
18451
34943
98804
15719
59782
56854
88821
25551
14486
88326
35090
37149
80939
84075
66610
99900
20748
37880
1881
47262
79552
98780
82805
20774
14394
16282
95140
89195
80259
21381
28130
61870
25155
90210
82383
10267
8679
18814
1603
84568
32468
58541
72040
35579
68444
41420
37753
64907
22739
64707
61342
40312
31268
8952
25312
94919
81747
37022
22619
77463
65926
35648
75067
46594
86735
12823
80978
56939
68656
71111
86608
19171
74612
42994
5714
98356
84059
387
66582
1697
85759
25256
58858
20090
64814
79731
60969
39438
72936
70491
23441
29522
47313
47864
72021
64207
49665
67840
93741
58054
76325
7630
85151
59713
89720
24665
96892
9663
72592
64368
49489
30872
79936
58289
6963
55006
61028
13642
12949
7040
56883
78000
82729
63213
77760
36537
48004
10690
40887
32536
98791
68921
25099
8074
73854
36763
61434
10432
21723
11848
60082
39185
95313
24575
96190
81209
76946
44642
11608
5403
60802
6679
63382
6863
36075
7765
87123
82916
37488
86074
98309
24637
56786
18771
4628
81350
58159
97924
56798
94055
42927
31392
92325
19753
93311
44537
56430
71300
21183
81904
25901
16593
86523
46057
43546
50139
61198
92303
44106
92202
90186
99221
44505
26436
78763
80625
40794
95086
78690
59423
49248
32127
64441
90942
27114
34570
59823
36445
4464
4082
90688
72927
49308
33879
73790
64648
65224
20119
39381
99331
52958
53471
35100
82194
22149
15958
75487
21854
56789
48381
10222
9295
10236
67286
84685
47690
68744
65802
83133
30929
25289
93899
82805
62437
56420
65958
35117
91305
1741
8203
83770
65786
51662
24242
36473
82498
53007
81497
53891
84555
87524
48067
98172
42480
41436
63823
57373
68191
16964
3681
47966
34679
26035
90386
98440
19448
7546
49182
70620
85273
91381
3563
62419
82927
91878
81091
94161
61351
58672
13795
40865
59239
60365
24457
81912
15958
18281
35834
4403
27461
78252
94931
7886
59970
79892
87303
75284
58987
78855
62871
37521
27283
93160
21360
86744
75353
22289
67729
12542
70074
25090
87986
26089
20649
12909
37649
24383
88442
85748
54940
68806
74046
15708
62647
52260
67301
33759
44832
44972
69632
97282
26816
71956
90040
73245
37029
41103
67058
33885
5539
43097
54542
36275
1647
24750
69563
74192
40848
17111
32118
47685
67165
2930
20952
52642
37999
59172
99729
40953
11636
25097
77916
72086
68429
71471
28822
18155
62828
45091
31687
94422
75198
8392
92895
88598
75608
57765
71674
43951
70922
39672
73960
86161
68660
33277
6174
13358
36688
88367
53595
51091
34327
60136
60162
82004
98548
80936
51392
7839
27939
36905
75472
12193
23891
33696
35999
6705
48519
45942
40020
71358
48853
9443
90365
32949
14471
75582
72081
4288
9893
95005
83699
96048
15111
54978
10139
76776
44860
33937
87577
81380
5727
5637
343
554
60081
26721
84875
34289
84741
97476
53537
82098
51243
60076
38422
10293
82361
55079
443
13863
6052
64335
87836
61742
42967
63603
72948
46435
89999
72405
20581
12173
40767
12271
87164
16105
78495
73993
86551
5624
90812
39155
92493
16380
31709
55054
78907
42062
24461
45698
8018
30934
19795
76533
56016
48550
91601
66200
60974
87937
85878
82574
66355
4983
6793
75631
79377
64343
44049
70492
79458
97940
33361
59233
71732
49530
50482
47807
43392
24806
29518
62459
76702
61505
83000
27434
65195
18421
22325
51914
56049
84702
50913
74786
24910
41051
6143
63444
49133
77635
23118
74505
9014
16591
34498
57651
4887
88842
67894
31833
17265
80606
84806
87843
59805
40829
29347
6127
69676
64833
88256
23023
92504
48026
61226
13108
42637
55138
76004
17007
865
33228
80371
95068
82042
35058
41543
8710
52177
42991
97760
10834
80965
67894
97440
21870
39590
49783
222
2583
32257
43298
27773
49869
9463
29760
38356
71700
1569
72018
21652
2017
53190
554
50797
73833
86364
98080
55721
11105
28724
25041
59699
45300
70715
51512
6953
18133
48139
65469
84667
95246
59795
63837
1169
99065
54559
66142
6227
85653
50317
31984
16414
35056
43083
55745
62079
94995
73270
99625
84167
62094
3056
44349
52064
8801
19212
49750
53353
71579
73725
89141
73867
78074
63015
23083
5148
52721
4204
74794
61439
49831
23761
33100
91394
46779
700
26050
19626
65385
23091
2069
111
73498
98858
49348
54965
80443
24078
23994
69808
76974
83542
96700
67258
26045
67054
32608
68798
5680
70794
21562
50252
76781
97121
19132
49778
67811
15436
44318
81610
56937
71046
45172
22314
34986
8228
89611
54334
16124
27412
97604
31419
46198
91105
26619
70428
942
38050
13181
43398
56094
54401
73710
27022
60346
46281
74646
56499
76405
39599
27369
62615
18580
73716
46638
17256
85952
22321
98091
19560
73400
9589
22517
88054
79022
43810
69146
49697
24113
12800
97203
39231
96241
4327
11427
10022
29095
75198
54659
95582
44617
95084
80595
6839
81942
71298
17173
78646
21001
27680
29538
68942
67402
12861
94356
31953
37307
27245
73227
16756
69232
55895
46507
25342
50695
38001
23981
40444
15684
34433
5020
20191
46733
58105
26695
84181
98180
71302
29723
79176
82266
18091
76219
48452
48205
41082
29203
18421
59542
39802
41227
48901
60774
26318
71946
22901
80989
50398
9075
67672
87304
81420
81471
42443
57403
13717
27897
20779
13550
8538
44412
97466
84879
57420
92759
16008
91325
75704
9858
34395
65904
31527
10916
71607
41903
63321
33841
76864
22115
22478
93386
39675
27659
51455
60356
43239
99580
22615
51682
44137
68744
44211
83316
25076
96823
36257
69554
25722
29013
27850
7411
43501
42506
54990
40848
19960
39929
81929
75919
55184
10157
54879
18763
52307
69906
75194
64918
27949
54976
68697
58195
57601
12059
82718
16631
57890
1168
60081
97590
87271
88699
74551
39980
94049
11145
1607
72006
3776
35343
61877
62875
38397
81168
23101
33249
66614
10493
11792
9784
70337
84624
20172
87772
79747
91066
44776
82299
88973
28799
29441
47457
72044
65085
59765
5337
7489
55711
17824
10490
15548
29332
51146
55970
62794
950
99159
96130
79062
43168
29618
48727
35306
25926
16294
28998
80053
96182
75815
70587
40266
72825
83789
76456
58599
48322
13512
62786
59126
92037
57632
51397
19830
51883
4025
12418
709
22956
65260
61651
37516
97354
46507
67583
77722
28690
43388
62496
2496
15767
60658
34335
15600
24974
43247
3872
61980
51081
57772
90604
92500
72166
23401
99885
72505
37734
72803
1971
76137
71354
3479
99325
54042
72131
38182
16104
66526
42943
98916
97536
36783
61700
24483
32210
72295
32708
97384
67297
96780
88566
55715
38180
63961
81876
3314
81710
35075
83496
44816
69253
49770
24548
36200
83874
39462
34916
80539
28891
9510
50937
16224
95508
64842
20259
47742
21318
71914
23045
4546
17202
75399
66042
74199
54549
91945
85895
56584
30161
35927
31151
57988
7356
17257
28539
59107
56943
97529
24831
3437
33981
70626
43317
10727
31455
92735
42785
77510
4710
70507
12830
65489
64262
70015
67685
73574
71892
19304
20430
26072
88284
94388
16898
97344
16770
2394
25256
90245
9062
69784
63607
92803
11165
994
80077
57338
90531
69013
52241
67992
21650
31954
54981
46978
73916
81605
53341
79973
68626
78300
18604
12096
41530
19991
47398
33243
46549
46136
8225
28007
54613
5136
95789
50155
61733
14129
8789
88670
42834
78532
62268
40305
715
77180
69839
88846
71845
55197
12394
75276
95500
12991
52504
78993
80497
59207
93761
72
6318
47518
34433
99739
32877
5907
2107
62285
1090
99839
88450
72396
75115
9015
11253
66399
59050
28433
95865
78509
96142
94455
49029
92464
88886
30608
97084
25518
5237
30833
97479
51704
31884
8914
44856
62787
72759
49794
86315
99199
79952
9342
95192
204
49285
44679
68348
97316
55759
62392
92166
445
35226
2798
40071
17956
151
11733
72412
91317
66415
19172
59960
95065
91062
38731
79122
17933
15806
24187
71229
12605
82039
72015
26723
67766
27443
6641
89704
8234
13852
33132
11696
66070
86934
25925
6600
69839
82218
59774
89047
88023
59744
61718
43550
89988
54468
7455
82864
48025
81944
55819
11477
41382
30393
71075
11430
84658
59275
65517
11058
23040
83
23164
18636
47501
86579
89473
27267
49049
33216
7108
15481
37028
79559
14862
33620
95597
92573
28312
23329
6016
75746
28587
22111
81268
51379
10401
53601
14743
75149
22617
10033
43000
41183
15148
98204
60651
8864
4398
42565
35475
56356
7107
48818
10565
4006
24212
95017
87459
86127
21979
96046
808
39500
65033
46823
20494
78207
97763
72413
85539
31059
26942
40410
94093
15906
1876
27810
60117
41621
67382
66864
64852
86648
48559
21356
34987
38109
20419
64139
69494
34348
52168
82739
34035
42438
28083
53584
48741
45336
91617
96808
38183
95601
9518
11842
95902
13653
51670
62049
65959
57278
33731
19240
26241
78966
56562
67569
70053
71846
34504
40819
68007
12562
32020
3311
30034
56178
16186
86500
53631
30651
33980
48942
46058
90731
99294
82390
94548
8398
49123
85201
55500
99553
4202
34658
29560
80313
9343
17468
83537
90057
7905
11735
99661
83671
13295
46774
24733
35684
74610
27591
25152
80130
86090
21221
98381
93348
78127
16763
2456
21245
83787
38073
44368
86677
93313
67955
5042
29976
91372
25021
73740
57380
30099
66879
35632
69269
94588
69951
83383
3399
25138
22963
19957
11470
29411
48355
82758
32746
30091
83179
99124
82589
96637
37654
26203
87123
11417
27694
18870
90615
71283
2538
31012
80647
3538
74297
16023
40390
29348
3106
98091
32325
45263
1778
89293
56544
10998
28450
57766
30860
6992
27117
96662
24309
70736
70636
67797
48773
6440
85241
68890
755
82890
69100
95850
53160
22458
22979
16866
4143
27097
15252
54118
25507
68582
87057
96094
56258
81391
36674
81986
65095
27837
80260
50779
14044
89019
87136
85943
87548
57926
28796
41946
16762
33484
37336
33177
23177
97908
93194
64293
71318
69320
70156
26875
42424
3277
98122
14828
42163
93860
25694
9904
14908
44124
965
28561
49323
78662
4831
92183
32110
65949
18762
15989
46038
35579
28943
55254
14110
62425
80846
79916
17394
99334
80074
12337
89194
54532
56681
86918
32026
29935
82448
97364
17084
37168
95001
94196
14628
83872
46328
5196
61598
53856
87205
63015
64593
31224
37488
42248
52854
24279
33433
96027
863
64843
53306
77167
90183
38018
88324
54766
33134
34144
91409
96741
41693
25279
36493
9578
20221
40385
53236
57622
51435
88676
94694
18085
7934
4324
47873
44001
71689
59835
74344
28962
41230
39299
61992
7133
43268
73502
62510
85935
16173
69669
55931
96032
46457
32119
12234
27333
60879
30108
14159
76862
74218
92652
61178
97572
14654
16898
25277
847
10396
65909
13442
86577
60841
68781
77301
61640
97935
21543
28807
93872
56788
94416
68812
16050
95355
18376
8014
10088
73968
85073
3821
51251
75511
95005
40955
91408
72747
97205
63144
80356
55715
93844
52426
36940
3745
59415
96371
81174
24772
63706
83408
24572
27050
86881
79787
58439
24177
62702
15712
51414
62894
53376
38447
47732
83004
26815
80897
43631
86809
90697
44702
54320
50984
7288
45990
82629
81033
16883
56580
88902
3808
11456
18584
85942
88839
82333
78004
61479
88784
86283
5200
98356
39550
64146
41164
13870
25934
74243
178
17483
89523
77403
95994
60872
682
81941
18628
56310
43582
29611
23861
96407
91750
42794
92867
91375
32126
51313
87190
90213
58309
78499
65583
14095
64570
79281
84666
25513
15548
13463
34412
43385
79292
45475
9351
54127
64629
32516
20539
34983
4552
22491
57079
51658
31070
49204
50574
60121
29051
27461
40061
73007
33932
17772
37316
13510
58836
8748
19890
81034
17611
8063
7890
32359
67677
29727
72065
12250
59542
38689
94222
58168
36466
55739
7143
33869
90432
91746
26775
6988
91686
39640
50399
27315
30348
37859
84109
10375
22726
7940
40573
87209
68091
91861
57499
65202
17322
77815
25467
3502
61666
9701
54017
40128
62838
27303
67603
60239
28071
7794
43309
263
92375
31485
50920
78610
22280
26922
12106
2817
62149
16902
90468
56525
20062
60104
99711
46315
85426
93294
69266
60640
77244
22333
13469
35879
64109
26690
45117
8135
19394
42301
74111
20910
21377
63270
4293
54347
21503
91792
32460
33609
35814
34671
42870
87517
98721
6493
50300
56606
2902
73701
86752
96647
92629
27840
7484
15266
62361
37718
6859
38088
12238
70319
69434
72816
73653
65858
50684
22311
39485
78560
83203
14908
16760
29913
40498
56140
90978
88539
14680
2616
71771
8227
77200
75605
80950
10025
14181
26443
86184
70170
61095
15036
23063
76641
25215
2638
38843
49837
44789
95869
61835
35390
56256
89196
96225
95562
91441
18578
44180
85653
13503
42334
99583
68463
89156
78534
88115
73749
59063
32810
13099
43852
86964
71954
22346
97111
76591
19869
68497
746
32501
86347
95300
67915
50749
87230
3108
21928
5146
23096
3529
98343
42018
88080
60172
99866
8249
97824
96503
59020
30631
15898
55585
74824
64193
34484
65423
72534
743
94501
57951
66389
41927
15353
89538
42058
8890
8433
5022
53748
69035
51975
43386
81297
19877
7200
21575
34195
91285
65491
7492
92240
93984
29589
85835
68708
65816
13050
93023
39609
80884
30634
33712
10396
45320
88328
60546
81109
58615
86882
29266
87152
79910
32292
27880
18552
83103
30424
45881
27963
37143
48626
19533
32346
7698
77568
662
77939
9146
3356
48254
60924
11018
14770
16636
2987
86085
62564
9119
42973
64752
28321
7313
31885
15912
10107
99863
94774
88586
91608
83323
92021
83381
98586
15184
5257
77703
96504
84330
14703
23366
96105
1005
20581
47417
58822
7007
49168
93894
76409
81385
62815
32864
84769
54916
69886
82319
95912
26857
95013
64387
38311
27992
94776
48963
60720
3180
53282
81927
38316
51231
50328
83710
63278
74196
80751
13311
13844
98555
86382
2630
62362
58936
6625
10795
95726
56012
2254
12754
11282
62137
46627
91339
39801
41784
24272
82223
16287
68493
35428
1254
87412
84988
92623
30628
23997
42039
65963
82015
98903
73027
40602
11669
60800
59384
81938
70632
49204
50876
48602
56269
21858
59181
87982
92961
29964
81462
94110
54321
76323
66989
72053
70332
4810
85519
75921
11284
11715
76258
67628
35795
39452
62345
59292
61006
36177
15744
89608
73652
96424
60003
56717
19661
69028
477
37061
178
92960
7253
16949
56226
25872
24296
57531
9448
631
92416
97052
63467
64197
87807
84974
23876
72794
558
28899
840
7151
15107
20277
73480
24377
95556
69064
93713
86413
10409
93526
3019
94486
27778
77633
84035
77907
93357
18792
96980
37150
5713
54111
64642
97200
40885
43092
29680
56841
48196
93078
32787
34348
43731
36000
46776
89259
3986
49301
17913
96798
26400
46975
16942
94988
42136
43496
41988
6520
78739
22455
32717
57987
86822
12709
90348
67339
84456
61226
86705
76722
92353
87529
57094
75635
16283
75089
48433
84645
84192
10897
59620
98876
61306
90857
30428
46639
94480
14196
84675
81861
11809
39593
50807
87359
36091
27389
53455
35082
49860
72338
12864
71643
92638
12862
3050
5099
86456
80884
87208
75731
64233
34026
34127
60166
31964
52058
60155
15364
75940
92438
43466
77345
36909
7980
29470
6892
62642
89960
63733
63550
89327
12700
5318
69150
58641
21191
40921
86528
52114
55213
94957
27718
97231
34509
87811
42701
79506
36175
43573
60208
43734
27345
37859
52488
9613
35067
52958
34852
62550
30999
21702
58786
57731
73489
92802
11842
49965
56380
13444
75519
29388
20021
30948
93816
38675
99295
76344
79074
73700
42782
96243
31422
15820
96434
78645
96082
3751
55987
40949
2911
94031
99947
42022
78226
8029
32178
74489
29981
91560
80466
35731
67855
2384
31258
75022
80182
62048
99772
48902
93580
11240
62814
9577
3751
32397
88316
68861
26709
65258
48965
4212
23123
87632
48901
58768
90507
56725
49111
51642
78424
41313
30081
28577
67615
50412
25367
95233
47981
69764
83827
26754
6514
84263
35091
33105
13847
27388
14275
41537
56435
51801
63307
85904
30649
48319
69498
31362
80494
92224
69097
42138
82678
27014
65542
2221
55375
34746
91310
79686
49964
85040
38544
75004
59293
15831
71489
20113
9480
58535
35947
25324
99941
56531
85440
57020
3828
47579
64232
83009
93549
61953
88656
31609
43415
49582
70565
25449
36293
50603
33910
27024
32539
16288
40372
43786
80554
32879
8562
62754
99458
45553
52284
95696
90193
87788
17407
27940
98396
44211
99166
41270
57322
75320
92024
63112
96767
78792
85129
57033
49872
9470
88749
58602
45551
40656
71146
8419
95235
77474
27216
78453
39649
51800
70297
34662
41795
94809
42617
76077
88920
30685
10315
32955
9523
4739
25336
30043
65248
24872
27595
40942
13305
83054
76978
91677
65135
22946
81278
46711
55337
87383
38544
79762
73006
12721
1997
28163
92827
32025
33415
37049
15246
1109
51309
7502
92769
6845
42096
37837
35035
74678
56484
27564
2473
74700
63396
20714
22331
67948
78272
11917
41996
78129
62290
44923
60061
30205
28539
53672
40853
99122
41143
18538
42017
23950
71278
97768
62579
1602
24369
26850
2436
47985
84224
49915
13993
67107
42443
87239
66820
11562
56068
23529
68093
20715
27496
66791
50077
61890
49838
83321
72099
27321
3574
56797
95829
19279
83717
864
88184
89353
92838
23531
60373
32764
78015
51794
88132
30352
62441
4856
89194
9930
33047
51927
80335
8557
25932
74278
32245
16218
21998
89933
47652
49041
53331
24777
14409
49001
96510
40217
66853
63970
48706
97240
57647
18594
32726
52240
76647
97730
67532
40622
63315
22130
71520
19580
26745
58845
88706
28567
32428
82218
41261
97934
81569
94700
95406
68002
67787
83670
16468
65456
57802
13664
81890
91391
75560
99225
90818
89034
45013
51918
67325
19797
46933
58965
25740
28125
89034
29779
53645
35892
60659
61349
16131
75057
5524
5098
75727
22399
99585
66922
35649
66287
64641
60938
58934
55089
91114
91062
72177
67252
31518
62812
40864
79905
34116
45320
46051
59185
92734
52587
26441
39259
12627
73071
22307
46023
93659
91323
40228
52994
64246
26813
55533
62254
99111
42844
91752
56891
81122
26318
9181
67265
34776
92675
30001
23195
57881
28536
34000
50560
83372
72630
73996
4996
25103
631
60739
37262
8387
81076
83650
77833
91469
40641
73920
96382
70632
60234
648
20948
19954
57213
79509
27398
20331
30540
20552
64368
19350
59681
54599
88467
27859
68301
12310
72001
43234
92371
80584
56842
26794
57120
3976
27770
41840
88483
36694
54524
77673
86137
1646
88046
68051
32389
54437
6426
50144
79391
68865
88626
34123
2352
25859
63304
46371
33060
98360
97179
24743
46016
94090
84788
3833
78002
36378
88919
62026
3944
55145
79786
93680
95249
69939
90478
18705
69308
6999
81938
99434
92226
32219
43272
36295
26933
22317
54218
74660
21584
35734
7193
27750
21123
9931
31540
39943
43794
90193
34756
88010
86800
24845
34554
13743
86100
33667
54944
60746
37394
62795
49960
64150
56824
36154
58506
12670
69564
6959
90368
68806
87950
20245
58085
88331
9078
37524
5759
81088
47379
33210
92516
69252
8904
21374
65274
46276
79996
19
83808
7379
92846
9259
35084
18914
53881
93705
41688
30162
18431
31415
28883
82417
57691
79005
62136
93647
28328
23149
89500
41823
54555
57501
26979
76774
78851
94264
36144
16924
30095
33905
37826
85435
63756
40279
15245
16761
11073
51041
8103
10869
97488
95722
52951
64249
77536
3254
78690
36530
64940
19778
16514
63924
43449
16119
3931
36937
22605
55623
98056
98787
22279
6997
1693
1339
34979
30352
8411
44723
71670
11742
46841
25284
25125
74450
65215
56928
1102
20507
39171
88287
17953
23286
89364
14342
19489
79408
50929
22471
51214
42540
55917
89539
85909
82186
20634
85932
53627
9552
28532
89201
22362
40035
62771
63209
7675
27984
14487
41404
71674
70194
65572
56830
2518
79571
1641
80464
79749
2589
8529
54660
11040
50736
36019
8027
65239
62955
78433
75540
90354
77252
27758
9411
15856
34901
19001
9608
9032
60848
87496
70507
14558
30005
79014
38586
75548
4170
26956
59361
78444
64456
66954
58168
58917
32895
51543
21150
539
39967
96034
47996
86628
27074
66001
19786
4796
43697
57282
11435
69590
33417
53803
99319
90247
64820
51356
4101
18514
88027
62869
79409
24622
18316
2331
92194
68169
57242
37100
94803
83201
48699
63485
96504
70416
25429
13207
32586
2911
74874
5346
61364
13586
20744
23628
90260
48472
17483
86357
67208
53368
43581
45242
77316
5231
98472
27514
97221
81273
6543
90211
74036
8652
85856
82480
74365
69687
97563
95227
44555
65374
17141
35316
5141
78949
37668
93704
16815
79365
72636
18525
72759
65215
76435
85074
82156
43079
16426
81932
56385
62845
76140
22667
8321
24008
26808
5666
36442
84008
4346
77183
98808
18497
41227
11876
90606
19727
9813
59101
50778
46707
73692
38683
95653
14875
44294
61244
15692
7562
41228
80590
92127
43343
86050
68077
42388
26800
11761
18061
77591
39760
12891
50279
91476
6500
83663
57886
52422
1993
44816
57025
9391
74646
85132
41592
61407
57985
25313
69336
94918
379
51207
46484
97172
59742
71980
58239
80457
29042
25318
4060
54146
85554
58712
15543
10304
94790
19747
98688
3879
32898
14497
12854
41139
72996
33878
43807
56661
91295
87656
81761
68925
72766
39966
8761
45997
26268
2892
17075
74021
53512
39415
53540
66457
24114
76970
93319
72357
33501
15695
48796
90209
63933
20160
7552
50415
42233
74460
95287
17963
46388
76962
55579
4108
66881
96365
34238
51425
16642
49562
26759
19645
88046
98213
187
91405
74604
34386
18576
82340
10259
68210
9860
48777
70752
59779
17130
73477
5514
47255
57465
13747
83429
38620
40656
65369
63791
19490
31693
54511
90306
57834
64279
18113
30620
31914
27726
13458
60659
73684
11727
61059
86444
37872
49027
23540
82163
64700
93840
98836
37164
38922
14948
87560
29941
30504
22142
64900
826
96906
80562
74178
21554
13408
73821
6515
52572
46197
45947
10229
76106
63082
26838
74796
34393
5550
19270
56853
79336
69170
44663
14635
43293
46882
68927
56846
6527
9720
11548
52724
59628
42514
11450
95406
5238
72419
46221
50411
48972
91743
9922
83975
90922
44546
20281
62815
34179
61357
29817
11512
86106
62332
78153
75617
85362
45708
14371
84905
30694
22983
4916
24011
4756
96187
45969
28691
78438
17354
98388
20835
5441
52495
23994
24713
23418
1354
3281
86487
24213
48757
840
5323
98586
70157
76056
44681
70879
82799
57352
71635
8420
4698
8867
73434
70602
57561
3747
12563
86618
7187
47085
12860
89251
50918
79194
55079
46582
94535
25239
90126
50374
29131
3921
86302
20412
76955
22482
35459
48852
44510
58125
29214
67873
5016
10625
62221
49356
45126
10703
27809
33941
64674
79438
66069
35837
79073
21831
59638
39175
64255
93727
41502
7816
49597
72454
36108
16761
75391
18188
76776
21693
98647
93933
36892
35646
12696
2175
88368
66030
4864
42318
13471
62154
53390
30274
319
69580
15557
93402
27731
12111
99980
38616
21095
31750
49933
41156
18441
55733
97053
14403
71956
3241
77030
30403
26571
49027
44679
16547
95513
76765
40574
61558
74895
55436
97199
58767
48194
95747
51538
1421
76606
44797
55949
93625
24836
51754
7516
62925
44381
55426
36336
83382
23277
96225
36782
93051
84233
26207
42669
10885
27521
32151
22633
39365
93103
29018
75126
35629
32282
5852
13596
98933
43824
75866
94687
42766
70389
8469
92301
59673
82991
504
66603
27736
45132
60650
21506
18308
54926
53786
13069
37010
23818
58337
37122
329
26020
30245
26233
84936
44147
72251
16366
76712
65753
75815
29179
15307
73627
9629
63252
89162
70197
83102
36267
23551
97605
65810
95177
43059
55667
21314
38702
36604
99133
53084
80790
97037
49116
26549
45979
83213
31188
25208
42114
64449
4446
45178
91962
41719
69847
50486
85405
89748
20144
67839
15503
27700
23986
87302
49228
32037
82888
17933
20141
89321
15218
38759
2056
86084
74172
93880
75517
86839
85821
7337
1384
11072
10739
86959
26857
22926
11275
44317
59755
8479
92
83360
89422
16100
33991
81746
9086
6147
81435
46694
31443
91514
8164
90298
39107
99140
3723
273
74621
69482
58947
26953
82472
29187
89274
14437
36778
73367
72589
49449
88321
28657
32731
79113
33903
37532
67723
72383
40978
95959
54661
65222
98473
47585
12899
20532
47171
60744
82500
74046
29388
29254
94058
65132
93961
85403
40686
42082
70342
17134
92495
60057
67417
6191
86064
16608
18898
45397
5168
84422
58245
6941
23386
3510
89074
74503
46107
50468
56407
20994
43191
42828
43073
26278
12579
9679
40689
52496
13641
99302
2570
96126
92390
68274
82104
80718
98129
85519
79812
14374
22141
48788
29884
95813
27585
61374
10850
11559
35445
34809
90577
94235
71353
32479
2199
7831
15359
9730
80108
29523
95212
47943
89324
8950
16265
76863
80468
95536
70568
7923
18391
42803
36525
39518
96050
76298
63607
46684
13440
46298
55717
67246
75169
21041
20940
43639
65916
82417
41307
52823
60008
49895
57298
45993
14830
82061
76221
48928
29120
6801
87639
71446
87274
26852
50684
47125
57175
57884
7354
22055
89422
8932
89915
11300
71093
98163
7464
97751
49014
88481
92020
21018
30692
92179
74664
24661
56383
65225
76839
60987
97847
92835
68950
82310
50381
40839
97873
75293
46892
1854
76618
35583
91609
3010
44729
27281
31128
36143
86582
62301
53609
41989
21652
18915
93913
31565
9006
41690
19644
39863
41255
87678
34531
44458
79153
84929
84613
60876
85755
81774
74954
66703
65655
3674
49883
72602
22168
49523
39332
63161
37327
73375
42029
59196
86744
94934
73151
70434
46873
66579
86549
58038
12517
93572
74996
11262
88548
38464
67664
55586
70128
5254
74627
69966
63425
84613
48530
94446
62765
23354
84623
43031
71426
43292
73716
93697
91555
43774
27418
72359
63001
20842
11823
38893
24404
83020
89659
52257
70765
74708
77002
3387
79439
58742
69090
69498
41193
12882
21230
69042
29019
61229
36007
23239
68
98738
56426
80733
7582
37422
80356
32512
72927
61521
58975
2424
33072
42210
59072
68205
81737
16496
52895
82520
70370
5937
77992
34039
16323
52129
63490
55797
35137
43472
30363
68321
73215
26149
37825
85493
35516
84118
38945
85532
94201
40724
42470
65101
89894
61287
4838
86329
87905
83586
30125
2668
79710
20877
16780
85631
73332
31853
35173
62188
62300
85074
23876
5868
81226
53435
69798
16038
43792
34155
76610
38096
72638
60157
13407
24182
39305
30412
94924
64326
93040
90405
71259
26764
33742
70572
55859
11794
18828
79239
95848
43915
68214
26321
303
74334
59223
65731
6033
72915
83914
7991
34869
1658
20906
82902
45444
60065
77946
35386
59347
17801
71563
98279
99297
79244
49444
4872
63629
69200
48011
34460
60721
68339
55531
98225
96616
30803
66078
59793
3195
9963
36314
59973
85009
63519
52446
12801
46289
13304
33881
91980
83140
97161
73242
92507
39145
29963
30122
40860
74696
97684
10202
17334
28573
85183
73722
87781
76772
21499
3749
63741
88790
29981
7254
80376
62345
3064
70675
46902
49877
67864
89706
72868
92312
75640
27486
75795
4583
19192
49983
34179
60687
24141
12165
60895
97689
41845
1957
38656
3934
64589
88014
94129
85314
42682
47319
96733
79
56481
45714
4167
20647
96758
23269
78108
93006
64170
79517
77156
89372
7109
15630
47890
82992
44354
12123
73163
66641
61227
49622
79881
40772
91292
21659
23549
82239
14447
63933
19218
4695
1035
95085
66765
93309
95756
26690
81421
26246
90375
70494
3721
64557
69898
94785
15696
4348
42686
53196
54308
55279
30810
86533
27149
70634
65488
73359
97323
69081
25358
85933
32171
92774
19690
92359
60734
226
56470
3394
82075
57241
36774
43760
69752
87456
41685
30695
13500
49121
61937
15581
20320
31373
4780
43661
72256
74769
33475
41333
10709
14386
14575
76350
26779
60040
78049
68504
86534
20613
39590
67071
41686
15201
31759
52662
53117
46445
23733
54143
52689
71822
43664
5198
16351
70777
63120
91612
75973
44284
90951
15968
54748
98051
37729
94837
28256
14693
6554
28531
6297
28843
45634
46044
6913
84147
34541
6656
75310
87185
75591
46516
10916
74832
70955
26930
10538
8455
76358
77786
65344
94571
70326
62867
25708
26677
62472
98751
97976
55550
5030
91617
33168
19883
68242
37202
4788
90650
61113
16558
82665
76565
44274
735
52014
56560
68774
97989
11109
57001
9857
4994
53078
81333
20311
20722
63584
24395
97494
60173
64884
88946
57244
67350
6885
32240
13783
14647
13781
8785
84211
66431
81199
52676
95030
86969
15730
41883
90394
44607
89812
65193
56052
15405
34105
38199
89387
8469
50530
49085
15013
39413
44851
83960
66652
52358
84336
41229
9955
65282
44074
63249
91948
80747
58280
75975
22123
42266
34933
38782
10949
14933
88878
18504
95850
42883
83773
14563
96784
11248
54916
35056
75841
89930
65748
92399
52378
89618
53888
5017
5224
92397
36497
53083
49680
55515
70617
53789
52117
76009
198
57274
84800
31757
68018
99644
2338
92976
85486
34955
24824
63717
90712
98271
45840
12034
49685
35491
82877
33307
54632
34229
23943
61345
20506
40244
62589
83843
13296
75935
94006
5290
12675
82806
32984
69762
45794
64345
46890
93253
26198
41322
75757
32531
42004
55221
48669
31153
23073
45575
89486
84301
71448
10615
39605
65999
26223
96172
96609
19119
26428
93868
88334
72248
94381
6415
97164
42982
52107
87207
58299
49250
61229
6836
95354
51340
17716
10212
77558
89619
10546
65291
68945
92532
63179
40606
64650
54694
46686
74192
28145
94613
77251
94521
81998
30727
2060
82392
71748
94862
35388
63072
93799
17574
4662
41891
39962
9573
21796
16274
37437
81719
96293
11231
77657
49405
50927
89201
50335
86194
62343
87626
64706
17252
53382
61787
43869
30879
44815
6635
34445
48443
2048
25906
10040
95810
8567
93245
71663
7528
69525
67286
23350
3580
25579
60637
84869
72790
97254
6669
62059
32597
65893
98912
78982
81573
84345
44720
39445
95373
46938
53840
19177
63465
47576
31843
91567
63706
52901
40066
11348
84812
10699
88591
81123
28911
84559
18948
11736
76865
97968
76807
15476
458
90467
41302
3872
47806
85301
91245
35432
81199
44929
84960
87715
12970
20298
78317
71717
64310
33460
13629
5131
21663
40579
45675
30316
95504
59605
63074
98440
95340
65271
26951
72074
1730
80805
69168
96529
24938
79754
92407
63074
91102
39042
28952
60391
33736
28176
31766
94308
97942
77247
68051
14087
29559
74720
4165
94670
53768
901
23492
85514
9344
22414
77831
66299
82159
8143
92445
13986
47697
71319
21384
80003
38597
71274
52958
11651
65068
31399
59455
10914
3362
37493
16880
22729
19759
55455
23653
30890
18763
28754
58810
13170
37547
14102
56416
50546
67188
14541
81970
30700
9634
75032
92091
79055
44768
10961
73923
10057
84386
89495
48406
73045
5335
46492
15004
42576
85789
88126
14542
97827
33898
48564
51113
99172
92787
43541
54023
88303
94625
4794
77657
74296
93471
1423
81580
97052
79761
19035
8073
17095
44918
86881
48341
13637
11645
35982
94319
63627
81840
36167
3146
99393
36282
7925
16653
85347
95255
79625
87069
40050
48773
96362
67790
74993
99772
33156
40468
39103
67793
38301
75532
61284
78292
44951
82577
24215
39033
16780
18313
60106
91369
41948
32537
45553
40906
77924
78149
19268
38528
3657
91958
12301
83453
90981
38415
23154
37545
98461
16382
48787
43737
88018
55168
51244
25816
35851
88460
25824
74389
84344
79423
41755
89502
62040
37928
90405
58939
73756
62661
79045
78182
47113
95444
40284
24768
75734
68973
81656
90953
39402
68100
40517
42849
99204
26168
92229
84287
96772
44807
89272
60934
38370
13796
1359
59700
73751
39796
69522
6602
18537
10886
98349
83414
88369
28051
87526
70597
55945
35179
80001
53206
33798
11410
98270
2651
83587
3664
83491
82299
99034
22933
42439
63911
78426
17704
52843
37002
95007
64477
95442
47700
74074
65675
5217
44882
66629
70213
14169
78941
25761
91305
96791
9269
74916
73757
28160
22415
39448
89200
79194
78062
75734
39287
86916
37594
97082
91274
77187
66783
98598
48491
36422
80123
78376
87817
72154
68553
22712
23601
21856
48133
52433
53652
90026
3214
46528
47819
46509
18865
5794
57436
76031
53696
63227
54558
62952
67598
59295
39156
68145
44099
4379
91423
30544
46780
76646
13821
94479
27006
69139
23314
52688
12635
30679
69938
98109
81864
17
17139
59320
17423
72837
91762
8419
41564
23221
97223
72107
92925
33442
43941
95722
32029
50913
22702
12586
17264
2435
50307
97187
89127
20223
71944
81212
35216
3641
16279
2725
34881
23739
77065
32420
97124
81447
97311
34478
93753
843
84566
15552
17373
29677
85179
10848
57790
89333
48804
15564
66726
99070
63562
53285
13193
91755
76159
56038
85413
7525
10946
7787
65802
56806
74930
94635
33797
21614
47864
52369
77510
72368
3838
63993
23655
28752
65675
15474
54596
86735
1695
4373
91958
82775
95410
45160
18984
57729
23954
95419
60119
42947
20657
36831
36886
61459
28833
78365
12866
1779
66127
59482
86102
46601
73728
54843
67917
99391
68248
99089
69382
25420
78752
92545
78475
1151
65551
46539
89935
22936
11267
76321
70691
69115
64994
26683
27354
76291
88799
7975
96505
85067
20848
87600
28426
34188
35175
60207
16834
67282
81121
5006
25776
58226
68996
97685
43220
26003
26764
78567
69229
55781
36484
99846
38044
7144
85453
81443
23811
49337
21101
20393
2386
82813
46377
63479
51405
70486
97866
59574
19990
47114
76681
99001
98361
3000
53585
87791
79962
89577
81737
37953
15077
9622
34411
47935
73276
44333
382
70423
76436
57539
27463
38758
24831
61922
72865
17241
30682
43236
90383
20204
62929
57446
5594
58799
88664
69798
14010
41173
37842
66142
32852
97076
38865
91991
49020
8963
34857
53178
3132
18073
60775
98478
57368
98062
34426
28657
62711
75017
58747
47701
42019
80829
44574
86117
19280
45596
89706
90042
96313
31404
70456
55973
37348
95858
62978
81370
61194
7038
30094
69677
9687
81514
93958
64497
44049
55043
73012
85175
41449
99127
51735
54038
6483
29396
8343
92704
66242
21103
45899
44636
11549
28158
73952
33750
61971
70554
6514
85700
65925
3003
27086
72361
76127
35698
65028
81581
49597
93985
53146
10633
42584
99913
24474
12514
83283
71822
62155
78865
68584
93138
6245
21100
98405
32363
969
32518
88615
604
38497
12325
3928
5851
46573
68447
89396
32842
63743
21772
80479
91245
96440
72178
77151
37527
11081
26547
59505
99521
19193
18359
68669
29064
35644
53858
39397
47237
73215
55623
25097
70388
543
31816
77863
81510
87824
20525
25292
71912
18556
67573
83962
60020
51284
25102
4544
85376
6631
27118
10696
96152
16929
65382
6536
7974
83247
21339
5015
68486
20272
59285
74425
67819
25229
52249
68413
75798
2033
96124
51357
54791
86628
97076
35429
57450
21915
79413
31335
2865
46793
23782
62076
52555
69330
54179
6122
96350
10437
75889
65604
96224
99901
29229
7565
41115
52796
11089
62264
22501
95877
29952
4545
34910
55064
8807
97004
50953
64871
2368
65317
13644
83448
21990
37264
21674
79619
38439
19733
46739
6761
66576
60849
44105
13639
66178
39931
68928
20473
35216
44920
36885
42654
46281
67038
72959
70659
23054
53302
53154
12757
20515
55171
64479
20287
47077
19915
49982
23414
45705
2203
89153
31378
21027
99992
88473
18320
31691
90706
96702
97223
55796
64530
35750
92767
64944
85587
33555
42437
98341
9799
53436
43679
39038
59695
76650
28283
64677
3031
20758
61267
35348
62197
41643
64339
56205
86361
24748
41794
22234
68329
44921
62178
43157
94812
76497
48123
92946
90413
49085
46953
21951
21346
40891
56738
15598
96060
89789
98767
29848
1690
61307
51823
23962
69847
18723
2511
55962
61588
40967
81494
21277
52989
3649
64427
58531
66309
56278
30990
13542
13970
9341
8791
6383
32227
74212
58842
77380
31901
66258
97061
69626
57429
70806
42876
51414
80137
45310
72908
67567
41831
64
67364
54403
76343
25829
63000
38900
44486
12956
73825
51365
57571
47218
39639
62655
41147
29904
15003
9745
79718
15988
39442
55874
37843
30859
84555
38679
98418
54617
76363
97883
16067
70636
76499
9748
88580
43536
39435
35216
20612
244
59841
2783
93451
6166
6369
28754
52726
48399
40689
13936
3995
42188
11890
19777
53415
12843
60932
54590
56952
25294
68439
69211
66517
13759
65088
52435
94974
66248
94531
53415
13771
87585
885
78944
64563
81235
3605
85596
4497
73301
71454
92614
99649
48598
60557
44610
57230
53174
28344
35798
53889
84253
47259
59388
87958
26327
60987
21447
41112
40912
65481
35776
16640
7562
56960
31222
72093
99025
38303
32790
88941
84821
37683
87133
9830
14218
80844
88921
98479
10195
3679
10977
38084
89909
1038
34160
19192
71930
87659
8128
71824
13354
38450
92970
41316
53633
67271
9785
51260
4018
58061
74045
71862
87954
12066
7627
51252
37008
26869
48285
6728
75310
49597
69625
7927
48112
96253
57183
9674
78682
45715
39323
79468
16792
62824
85275
27302
11811
68614
19118
56186
42582
8080
55303
78801
87266
22622
53358
55148
50117
50575
21725
7218
69630
26518
97299
46983
62151
60046
92829
92694
99393
15895
2761
19147
30200
1135
52325
45950
3679
55508
21964
61724
53196
91174
75920
5278
71825
99829
84548
13934
63192
24974
60244
61567
50129
6909
6237
87958
93057
62271
37945
75370
87588
73784
8224
32605
20754
73501
44334
73105
50104
91401
32304
44977
8531
90211
78278
34970
94720
86010
25423
49155
62797
71148
95511
21093
99294
15058
51546
39606
3719
41041
80401
59021
80013
84578
59260
20308
79710
59443
6399
29563
43866
31561
41503
60080
90335
85317
20780
14322
12831
19066
35962
86712
28131
86583
1308
63664
14257
31960
94134
10679
72531
25451
84885
20193
28792
92535
12297
98072
29669
22325
98427
90495
40481
67948
28576
8233
3392
30113
32180
53948
32164
13
88430
85359
79129
39936
2085
20100
40440
92344
98533
45305
30571
82069
47052
22322
62621
409
61586
95321
86328
65898
21917
7795
774
56545
71697
69421
2853
9721
19214
11541
84484
88926
93262
13326
84527
94060
44464
26041
40540
18455
80473
54800
48156
29812
34719
564
49558
72800
19394
68599
13534
69084
61774
50953
35059
90318
73231
5826
78888
27819
5134
97668
66978
25913
28412
78031
70891
53208
77907
50629
46173
26305
21914
4124
1550
13186
40305
59098
27327
87073
48930
56627
63266
66588
29705
49365
55497
59335
11812
80232
52686
53490
62947
38647
22908
11067
28539
82865
92422
65656
54103
76956
9517
12500
7064
67076
42744
89011
48174
29133
61452
2490
93347
38317
56506
86747
95501
6886
32936
55778
96086
75173
17313
73722
28599
80431
72625
72832
44598
9893
20450
94492
47296
999
99405
55045
37058
32257
13430
42788
65990
84985
19096
5091
83652
6213
51960
29548
4699
21318
76150
93846
80367
44828
65815
93456
66505
69962
65446
6475
359
84352
17260
16316
89913
21013
3079
61966
48483
6680
92004
93539
52388
37879
70511
22265
55858
41709
21918
2866
14051
48645
5127
60487
20055
65875
16324
69830
3536
78257
2604
79544
56795
36353
6569
74889
60770
17373
80554
65877
22148
98865
77720
58542
15508
60786
88835
3524
62022
23407
99250
53660
10992
54867
46586
5911
91731
46236
85263
1806
16280
66425
99280
79462
93952
68085
70492
61281
84986
52953
61658
55965
71662
3333
32835
38617
74649
69353
27608
90390
32852
77455
94652
33581
64506
47049
20424
99842
28410
33570
61430
11633
4138
8329
91461
63445
19776
56477
12286
18730
57780
84879
56494
1869
96746
71880
51934
89491
30667
77868
4900
51539
16592
88742
71904
3328
26293
11825
57513
24354
64246
68558
51582
8952
79416
74438
88429
65325
35433
39801
57920
21845
62416
65180
38119
77014
99036
82017
270
18305
60488
16496
40303
74258
21352
10866
46241
98371
60349
27665
89416
41629
11294
29661
52894
26055
48616
87520
24931
51732
78866
62797
6173
98960
53678
47991
87379
99714
57715
31999
16822
47695
74738
30963
42795
83572
66017
76111
88436
56625
34301
87360
94449
21245
83518
53045
74970
44333
21288
25325
79314
77966
13566
38748
19504
57803
25989
81537
15510
33656
95438
78116
49146
22709
15997
69947
59268
32977
5704
53415
4357
4713
74782
44957
93990
39407
78273
94642
88091
90592
14228
23637
88027
54355
94286
77177
94339
32178
16592
91343
93854
58910
83654
70137
85338
83184
56254
59754
56420
92409
20383
59506
23452
3450
66151
43525
89855
34210
93604
18569
84983
65595
88290
64978
13192
47263
83011
14477
8097
47800
84986
55926
41988
50309
85769
9744
43675
73076
61108
91110
84634
50395
22378
90353
74577
36137
61977
48676
74818
86147
97862
10608
31591
36479
88538
33619
71358
33029
64137
44577
49285
70757
72889
33165
82481
79158
45524
45647
40410
70810
42940
99470
44792
29183
25139
23584
91732
21640
7989
27740
81203
27211
51823
71327
24655
12535
5118
78654
66329
72765
66328
35492
74611
62284
30862
71385
56192
73176
55602
80743
98129
95528
21630
24629
10631
75258
25896
30684
7279
24638
99585
57065
68353
74039
13728
39257
55679
58965
94779
38090
15352
16385
44695
29497
31943
98548
53916
33539
57059
68783
58403
75617
40985
46045
9075
28816
21056
6733
64902
3529
34448
76753
49652
43255
38051
45981
26336
87861
38088
57371
70317
89924
28558
22921
48866
52565
62330
27917
49262
13026
78058
76015
10997
38027
47269
51732
44936
92562
80113
66806
10301
86004
16714
5412
86000
47866
12641
61523
12115
71964
45652
61598
52208
68001
56296
53682
62925
50871
41160
80659
8773
1864
476
24832
33425
7446
10971
18607
79847
29831
41893
148
53579
49709
35615
84456
18539
97856
60205
70827
34759
77572
8656
95429
13051
43743
44303
63952
5070
98751
96368
55035
82246
33922
16050
34624
7894
95096
61836
96738
23626
79675
63356
87225
75468
19858
22970
58871
1636
31176
91711
24238
56660
8894
44787
72930
81109
33412
37993
40691
87034
93344
88740
59353
71426
80954
81442
20809
6433
77213
47933
57066
57782
34839
68363
15961
47392
94188
63186
37678
88300
92732
16913
65207
93628
39064
53169
31168
77287
83834
4529
6653
47524
80196
33791
9791
17745
83594
79430
73231
93214
10799
81615
52754
9524
25103
57344
35006
84302
30868
86075
20504
82124
96757
52058
72402
32088
75587
90551
78765
25006
63265
75926
21659
81437
23463
22807
32026
32358
48188
93120
85128
70748
2948
51870
94847
85975
68941
20369
37690
73715
71676
26781
22675
134
40325
34112
44030
4328
40877
5439
4032
86071
6363
47419
86659
87393
53102
19129
24469
22879
89679
5775
59431
64001
21908
65759
85840
96679
9601
29067
59538
9534
82867
9068
61922
18163
88237
5445
34739
55778
1462
66501
37411
55135
38155
63689
47654
2600
89480
62631
37854
1196
71871
31319
95493
84344
22323
42562
6722
18858
76112
51901
67251
32720
42528
63774
38063
87393
19633
30676
33939
63465
39592
10390
56199
38789
91411
21603
66998
65950
58592
4067
89129
34949
17965
29673
18760
89492
35077
18519
94012
35489
48184
3106
92302
28078
76406
97323
74405
37777
14628
99171
20153
85702
83897
74695
73544
73684
28786
53592
91649
7681
3670
31063
24898
11425
64625
89558
5141
20934
95135
90552
26107
91095
85193
63104
68679
90048
12768
61199
41183
53553
83642
67522
90571
73597
22668
52688
96406
61515
47556
38185
98582
95847
43017
71617
63542
14173
70006
11457
77482
85190
93252
38426
1364
54106
19510
53653
95691
33457
85233
75359
41936
98240
42649
44103
66804
36075
320
82759
72939
36823
69970
86467
68252
34884
2433
32075
11588
37923
18441
78185
57710
11967
12354
50718
91171
74908
69549
48476
90237
52293
15051
18013
68646
82236
76257
52793
9573
99046
11309
71783
99970
13325
98034
66540
46224
65261
41606
46082
7842
12322
76618
82405
17800
52115
15116
16386
78673
69602
92150
1827
79540
48964
64408
14457
30500
10130
47184
56311
33133
96049
68280
61371
53767
58008
67516
40235
82690
24405
34796
80499
5322
17681
98915
32387
51486
82557
66010
37313
70231
60086
11136
74664
69532
84548
31510
10748
68361
35266
11734
39698
83502
82747
21774
79917
84448
81024
68924
62991
78618
82109
71019
62444
73387
3133
6453
48538
66718
81413
96461
78842
90169
71428
68726
83399
69323
20752
62768
91927
86698
46134
22207
38488
47655
31863
42830
93247
58751
97618
98492
16281
50569
73688
48939
15462
19061
38714
61025
295
59380
80074
96168
11505
15691
80483
42236
89641
14132
8011
3721
15794
44562
83609
91159
59692
24572
30110
11157
62237
71719
24689
19159
97207
48319
66878
96816
10691
6956
15262
72753
61446
38543
60316
91879
60766
68404
29712
10410
63118
12990
83099
19010
43131
56234
41635
5217
59686
43644
72624
84336
9716
23633
43324
58607
86316
51246
37939
38050
69509
83
28482
51753
59047
46698
42292
68089
52736
83422
79418
34490
41050
2851
66672
33935
80015
33326
16365
13675
37700
16400
42488
49230
32506
34259
69359
85353
99935
19046
68154
33050
49719
65326
59600
13084
16161
60226
6204
90422
35019
68257
2193
16367
76500
34334
20363
30882
40159
52302
57914
67101
88182
57800
38949
39615
79914
86985
16317
11418
54374
43817
67759
70240
50635
64632
53824
98493
37711
4340
24751
34206
55444
44588
60253
49278
54125
11830
61064
93346
70758
98701
14544
98362
64027
43215
53164
59921
40710
65911
53404
88336
69944
42861
19403
55628
24482
7652
27992
92575
40505
47258
32222
72232
79662
3586
36727
74590
86394
9484
5623
65292
29960
30645
84346
96272
7894
21048
64670
6182
23087
14427
71520
20870
76462
74799
23652
52193
35056
61162
7960
59926
76696
9133
7616
85653
3754
87840
27880
40207
23663
47760
82343
68033
85162
59349
37668
17435
14203
57630
32229
65382
30007
40765
30316
83455
23848
35182
38673
2773
29830
73502
89015
50556
64167
44572
99285
18696
67568
99572
45700
53436
77235
68351
9891
7508
34713
40184
32078
15347
88452
92140
68804
43149
33332
42682
85954
90300
58465
12427
25627
24345
52996
21096
16901
48962
84889
61215
65362
3751
66460
95337
77086
6594
82530
74299
11860
76933
17086
87584
17872
73532
17644
28473
15146
90884
59543
62365
64262
77814
89966
71172
44012
32849
54341
41497
95399
64861
90622
34181
87125
80971
61252
37658
75
87966
2470
5645
66957
95474
41292
83705
25836
57005
4945
64096
98904
45765
30858
59654
66223
59091
22769
55184
50506
98348
81298
10167
36102
35665
94724
33
57635
95089
80917
63661
10513
91337
72462
55650
29967
69222
295
93852
41630
3098
2254
13419
64040
32981
65743
77585
17935
23818
78597
35174
91548
8717
95577
23720
99193
36389
82182
97258
8697
28115
33467
83339
90863
85260
84353
69754
75120
74805
38373
3253
86683
16826
98179
8416
42762
8253
82469
63913
59745
58342
20586
16813
14197
11217
36706
74710
33765
72673
61375
90405
27249
97242
75906
95108
62221
38718
46610
45353
37152
89759
1480
87947
30813
85967
90163
3388
79411
94360
30705
92631
51277
11306
14891
5654
22473
86905
28871
76386
10872
91961
23006
66837
51576
12897
39129
51215
99189
49355
62382
59511
37169
43080
23899
3397
562
75539
27129
29774
94426
27883
5132
69625
80652
79629
21118
38828
28917
968
58706
89199
24856
42132
41538
4487
33666
50265
63232
41849
1720
40085
50261
46303
64931
76969
69925
15366
1877
97063
68102
33039
40599
29343
92744
77315
12855
22313
38823
80790
52331
38056
41921
99351
522
55637
22763
84170
70495
23428
96284
82159
8656
53692
73105
37293
49141
13467
6591
41828
68355
35061
71402
69029
77893
94305
86845
36107
66338
91679
69999
2898
56772
77661
48531
54274
9781
2493
85674
22382
45803
27969
91304
32606
30712
55910
97008
42204
32018
51364
17455
13088
85620
97282
33887
85031
35614
77440
34164
75403
90743
11291
93621
28208
83420
50420
57113
24794
82412
40476
79992
92814
93686
62931
71625
4240
89516
43563
11655
11472
14279
19243
5153
10047
63469
55064
41142
97454
84194
74739
98056
72493
12255
28037
41734
61977
40757
21301
69736
58907
60769
58141
14820
37505
3830
69668
75181
63005
34639
42732
43403
37268
38983
9463
28045
96432
41949
33887
2199
77725
88000
82375
80477
95017
59413
72604
54499
3849
62031
78119
58165
59445
65648
24321
48958
46208
54497
73208
53229
15294
43284
3279
65302
31341
75366
30712
34497
27285
94587
3660
36992
22320
21020
58446
4602
28627
87887
64075
19662
78247
4988
14232
47371
8654
73799
86547
11185
80223
28411
12597
64711
1281
46080
76151
77778
96034
46351
28448
40482
99939
80800
23131
67594
97159
289
79579
34824
40459
6199
42900
52250
52524
84368
77295
45838
80577
73949
2089
12608
77146
56200
53399
92125
96864
1377
9635
89468
17909
71510
16576
14200
73071
86385
70419
30412
65227
59899
69559
90609
80468
85727
23489
48650
93688
32794
58792
88488
20202
89338
43948
75549
69220
91723
90736
34761
74592
36362
25439
87371
61881
4958
22839
99031
1926
3539
75575
92842
66496
14800
39911
19402
36776
4281
34954
92355
55998
31021
53998
11102
48896
27189
98365
40628
9770
80763
76229
74400
69765
2642
47437
64099
97611
18830
22936
14466
32693
17406
4234
396
30006
30994
24535
33033
72126
42303
47172
76144
51610
54270
80184
73267
29080
26687
72155
77868
63395
25225
24856
89488
15177
9840
97559
63544
28251
63907
79835
57513
31143
70937
32215
64688
16070
84762
16769
42829
31582
84777
29896
36295
95955
13173
640
69366
15876
22524
44185
14010
15784
78791
2512
66350
21039
58843
34131
34832
63808
65044
22535
37918
16144
93892
35700
94098
19072
42364
90948
23915
27166
66797
93573
72604
2573
80331
21010
47679
88826
81491
49763
17175
95450
61604
53959
37125
7512
46256
11638
96094
17439
15410
52898
45310
25654
31430
18687
3337
3347
19229
28907
69793
78024
81168
36210
79361
45714
56116
43422
86832
62927
72631
17054
62632
91763
32200
5218
18365
14534
55428
8315
2827
67686
12633
81216
73398
20952
89110
63144
5939
91417
77069
75707
99987
88048
96898
38980
70637
88695
98689
67219
97280
70754
9457
58188
33319
58023
58765
35742
56501
2810
45857
38423
96338
64911
19215
87247
64615
44397
88939
33684
49502
72430
59359
67865
59603
34783
27563
80075
5651
41530
96651
74042
72480
73384
65295
53993
37819
7542
54194
70517
61707
48817
67377
94050
5998
27409
27193
67982
17500
34690
65710
72246
74396
50664
99343
93253
1230
29484
47869
52376
32798
87986
10051
54955
57370
69887
5034
467
34656
24963
83604
83998
36010
45683
29135
66408
60882
48829
84962
92690
91101
70004
95056
53694
95397
74086
97950
12807
75465
15049
54517
32090
32514
86575
58560
5091
36001
45902
54279
74988
17141
29026
6592
7540
63436
65783
36360
94219
3747
94949
94452
56518
75063
49213
65567
90111
92596
51583
74043
67923
47170
71337
13219
48775
53490
22715
8372
95883
82372
66319
76930
83267
72807
7833
14282
88952
81114
80256
151
78049
94367
47426
62768
74815
26152
26317
52079
15376
25058
74146
54760
2332
30044
41263
77911
29975
8812
12275
45053
9029
42118
65713
95547
22615
76655
42988
43685
3542
92196
62650
43772
18387
25086
7291
77391
71428
71086
91594
98635
76722
40846
69823
42975
20139
70763
14953
92589
52125
1925
96164
91514
45701
15258
5453
98686
93900
98695
77297
92981
84609
45885
86245
23339
41737
31715
25463
22483
56081
93295
