6175
2588
7629
976
2046
6819
3826
9354
519
880
6583
3655
3081
8441
8568
2447
6537
7131
1750
2505
7650
337
2310
7197
5170
9688
4857
2360
1317
5032
6208
5261
9445
5385
2614
799
9491
8327
7413
3163
214
2852
2667
477
8744
7136
4105
7300
6504
1907
5491
2913
6628
3010
2551
7796
4341
5247
40
9457
153
5911
4455
5607
647
8816
5461
4563
2763
8077
6668
9315
9887
3671
6816
8095
5682
4166
9527
7518
7799
9751
6274
1950
4722
3427
7878
6405
8327
790
4657
326
8369
7974
984
3484
8604
192
1491
5931
654
703
3837
4087
3831
2461
5539
8851
7801
5019
131
2335
9148
8835
1220
5814
7114
815
8099
4833
1455
8662
3062
2651
9360
4066
3321
8418
4932
3707
8781
5200
2386
3127
4334
479
4064
9184
1742
5070
4739
1158
8219
9660
2726
5752
4890
1753
2349
9761
5448
2160
4559
5864
7606
4487
964
1549
4078
1421
9287
6407
4626
6890
875
5588
9190
7501
6926
2635
4706
4960
1667
8229
9644
3197
7905
1438
6283
7402
3402
7289
829
8974
1237
8395
668
2624
8839
1870
7973
8094
8982
4769
7772
151
9123
3308
5779
996
4629
3295
7492
3443
6197
3753
2753
168
3191
480
4341
6706
8679
6985
1428
8916
1860
1690
8084
6328
2332
6519
5130
3011
1510
9045
2657
5464
9190
2049
2390
9834
9840
1307
3342
5299
258
7327
6009
7894
8529
348
8099
8397
6473
6448
8826
702
962
8176
9779
9521
3963
1891
196
539
4606
7953
5491
2274
1942
2657
7309
7799
7191
8576
5146
1015
2322
4984
6328
2052
1692
76
4859
6734
1986
3200
5717
2213
1600
1176
5152
8855
3785
781
287
8834
8098
811
2613
9302
7885
1135
6017
1520
9884
2114
3040
8838
2621
7412
1091
6047
6661
5211
9306
6975
3393
495
1402
525
2891
3609
1522
172
1300
8507
7779
982
2458
5744
5601
8097
2293
7061
5661
5855
837
9883
119
88
111
3198
5355
5697
1130
6512
8912
2678
5518
9494
7737
6406
8730
8149
1999
5546
3244
9152
9845
8503
4395
278
4895
9990
4729
902
4502
2613
3240
57
2585
2605
6307
6611
5066
1038
2482
9392
2099
5147
6776
1084
3490
7034
6818
1720
2780
5803
76
1403
9216
7911
5528
3575
2078
5093
4929
1919
8484
1119
209
3860
4253
6000
5668
6439
5445
583
9649
6415
5114
7000
2265
2694
2167
5967
8727
3823
8964
5061
4461
2974
8186
5198
6854
6953
5373
8965
2457
9800
3290
7163
8613
5618
8969
9904
1167
8460
6487
7612
6878
2110
3136
1143
6415
2256
8896
1955
5757
2511
8224
793
7405
2313
498
6266
6511
5179
7542
601
9599
4507
9680
9440
3927
7584
8845
5994
4491
4234
4440
335
617
8028
8236
4120
3377
2397
4885
4369
5379
6158
7604
7471
8324
767
6492
7895
9734
1103
9927
8726
1161
8049
8192
7396
198
2541
7726
5298
3088
7332
5696
1967
2162
232
7354
7618
8085
7780
8042
4551
9743
9076
1580
6391
4574
4282
8285
7763
543
7553
5693
3257
9369
6583
9102
6124
1872
111
1442
1333
8900
7096
7914
8048
2588
9491
9361
6597
9613
6441
6987
160
2266
3537
1133
9304
4272
8882
7946
5286
3926
507
9885
3525
27
7046
9272
9398
5632
3000
2753
3578
7997
3870
2459
9113
2473
3201
5585
90
179
5942
6770
9992
7274
4893
9486
8752
1814
9209
7773
7019
2373
252
1384
5829
5282
5411
8835
2331
2798
9892
5996
6773
5956
1941
4281
5489
6707
180
7569
1380
9007
3566
5744
8577
9879
269
4099
9052
9172
8086
2685
6189
800
6421
528
7827
4230
9739
5680
1653
766
3518
4825
3179
3114
1920
5540
9954
4223
2658
2361
5023
3346
530
5275
5166
7221
8628
6159
6397
3234
6554
4576
1143
4135
1702
9274
7371
1261
1358
3957
8215
2118
8196
2717
6045
8251
4975
8409
4119
3991
9306
7512
98
5196
688
6400
5987
4368
8200
6227
3655
3223
9481
5891
5765
4118
1289
5146
7640
6288
3659
2765
995
2329
4984
1211
1117
598
5500
5715
3250
9726
4835
749
8297
7811
8808
5248
2758
3567
3730
6548
2625
6510
1043
1325
2144
8199
1297
5783
1813
8837
2791
5929
5134
8573
3957
1623
2458
5803
60
758
5655
546
5507
9607
6051
1696
6184
6682
4641
4224
5301
4569
7055
7355
9414
1663
6001
9274
5847
9137
8730
776
5646
4541
5275
7143
5861
9967
9074
8566
6025
2106
1255
86
5825
1618
6101
948
9857
6041
7585
2270
9721
4933
3987
6842
1403
6019
8360
9040
3600
5523
2383
8745
8085
4785
3358
2954
9246
4477
9637
9775
10
4250
4977
1400
7862
2420
7807
9287
7543
3664
7547
9443
5867
3733
8079
9176
3563
2196
925
3483
3730
5167
6463
5232
2667
8440
333
7312
6125
5776
2656
616
1406
8404
2702
5962
3709
5612
3021
5416
5074
7445
1242
299
1998
4578
7046
2537
3707
9893
8192
8399
8377
1666
5761
7995
2693
9586
8775
937
3093
8056
5858
2870
3579
4833
8895
1011
6657
3854
3750
7598
8699
3420
2036
8522
4702
2536
6581
1515
7979
490
3981
986
5399
4528
5008
7330
8670
5392
2033
8230
2531
2500
3718
1111
7616
9064
2827
5725
7986
9824
158
6682
6535
9122
4378
119
3511
1518
2798
5978
596
3378
8657
366
1803
7937
3906
2409
9098
1619
288
1070
6151
2450
2630
5435
4631
8683
72
5855
2364
8810
3523
2983
8952
4546
6192
4980
8539
9973
9244
3135
7959
8636
7560
4529
1087
4224
8222
1133
6244
3712
2513
7342
6057
611
5636
6240
9854
833
679
4608
240
7435
2700
2362
3814
9430
1379
8177
3447
2045
3891
4225
4982
3158
7992
3129
3473
731
3995
3855
861
3330
4132
1465
3241
2189
8288
8848
2455
7403
4218
2027
9190
6689
2478
5418
4394
8318
1243
4704
4654
4592
5808
3958
9814
9298
3259
9649
5598
4105
7519
9327
6125
5264
4400
3347
2028
4648
4982
9228
1652
864
3536
4705
9911
5138
8590
440
267
6191
5504
409
1875
6346
908
3784
2733
2342
9784
6926
1887
4167
3766
9402
5603
7675
4631
6827
8778
4747
6072
1406
7083
1652
5615
6309
50
4261
3057
4710
1088
3751
384
6195
18
3780
6553
2464
9207
5800
3069
8402
1251
3011
6408
1457
7616
4226
6434
4409
1228
8273
2590
8106
6917
3931
8587
9207
1532
5813
2161
2034
5706
7301
8828
2410
7247
3328
4620
3272
8359
1286
3859
3304
1260
5064
3989
4042
9600
5506
2236
1446
778
3440
9211
1405
7145
814
9486
2211
2127
8749
2555
2689
3466
5331
1518
6350
3156
680
3891
5600
3538
6013
4278
5199
5485
57
671
7608
4452
358
79
9713
1178
8480
8170
4001
806
8133
8672
4059
2019
4446
4308
530
2903
178
5429
5270
4077
5588
3105
1496
6464
8691
1465
1256
2128
3863
1118
3706
4691
411
3010
1397
2857
9014
6470
4567
635
3743
5191
6079
1164
4957
3601
6785
483
5290
1814
6232
5556
455
6095
2005
5611
7774
9845
2410
6007
4222
1672
2980
1706
8637
9371
9620
1499
1469
6726
2575
1071
15
6573
476
189
7442
7659
6994
8305
7262
2929
1941
649
7703
7155
2644
3613
1100
2128
7368
8588
8456
3572
7434
5846
4170
6897
6141
1626
1711
5487
468
9387
9855
5753
6798
4954
1916
7767
6674
6047
7901
8252
8880
2937
608
1356
1181
9769
9590
4218
4141
8307
1673
651
1402
3948
4662
7594
9055
6916
6739
2074
5335
6157
2560
9589
9284
9856
7613
3122
8725
504
5400
4312
9436
3284
2834
6751
8940
3398
3235
8855
2330
4549
5106
3177
9198
9014
5124
7919
8924
5472
435
7183
2034
7859
1683
8947
7355
7836
2185
3713
7452
1157
2600
692
8982
6140
479
9242
7089
7937
986
9193
2456
9022
3788
991
1205
2826
9312
1418
7895
566
3836
8534
5194
3911
7388
6025
9924
170
8837
51
529
7630
1153
7458
8057
2525
9104
284
6929
3679
5779
2122
7359
108
2325
8952
5666
8649
5072
545
5127
7018
302
7800
6503
4661
3336
3284
5182
8377
4327
2172
4321
4942
3738
8338
7601
9624
8152
4902
9562
9432
2671
2062
6000
6606
6283
3116
3190
9273
5051
377
6041
9502
1076
3541
636
8142
5812
6165
3845
3508
9427
6307
1219
2311
403
8865
1851
628
3840
7787
260
3617
2337
4797
1359
5680
2640
870
7489
3351
826
5311
4362
9351
1730
8782
229
7232
3064
5341
9616
2110
6636
1057
4879
8660
7897
8279
8665
680
3460
9652
5122
7056
5656
3633
368
8325
748
7290
1434
4048
7208
1456
2019
8388
5423
7535
1594
4757
392
6748
7156
9597
532
3233
1416
1650
3321
5962
9815
9277
6931
5151
5965
3974
1500
7671
7128
3774
401
1997
5240
5961
5378
6451
4633
9079
7713
1590
6789
625
7219
4862
5550
3194
5460
2941
2042
1170
3364
8476
4224
7332
7150
9445
6307
9771
7983
300
6990
5730
2791
6958
5866
1745
3543
2331
453
7189
1009
7574
7265
1632
4447
1564
8435
3613
6239
8730
8292
9500
8481
5450
5129
7694
3239
536
8229
214
7636
8847
532
8447
2024
7947
8936
9079
3253
5719
9822
5622
4801
4647
350
3917
3507
4295
4423
4403
4701
7790
1465
2478
2084
9270
6441
3417
6504
271
3012
8556
1669
4342
5530
9763
3907
1727
5756
7736
9860
9074
5026
8750
1051
2848
5157
2051
3802
8905
9733
8873
9590
718
6244
751
8106
8732
7642
9745
4527
6795
9480
4922
9679
9059
5311
7761
9203
3085
3499
9590
271
6228
8959
188
6833
8502
7398
2872
1887
8788
6074
495
5841
5645
3583
3350
5954
5360
5919
7007
7403
9100
9849
185
4021
2381
2399
3432
9679
8742
9118
5162
4976
8371
7671
5241
3132
7577
6923
7414
8139
7890
7158
605
775
5927
8850
8313
4173
9255
2718
6029
6179
8196
7375
501
6393
6891
4968
17
925
2272
5558
766
9718
7610
9757
2572
7800
5843
6286
314
6456
5020
4861
916
5120
8647
2214
9303
3404
7177
3647
2764
1582
3110
9992
5311
7377
8221
8417
4776
5007
5046
1997
2227
1886
5835
4032
7239
635
3461
6519
5664
9833
2509
2335
8272
8012
225
7926
6403
7896
1143
2507
9696
3521
5374
691
2025
7921
5739
4706
5752
7120
5749
4754
5411
487
4715
4048
5405
5279
4089
1702
1521
9999
7468
7052
8563
6352
4250
6523
7186
526
1190
7667
2640
2608
2485
7229
3919
2536
8958
7987
3206
3721
3909
2221
4663
341
8038
120
5615
7816
2503
4597
5003
2865
3728
757
8672
2998
9936
1821
3889
5098
3508
8887
8159
8922
7568
7340
2145
3039
647
4264
6322
877
9285
9240
720
9674
7557
425
6526
5286
1588
2302
9994
9426
2565
9422
2806
9014
8219
9905
5965
6354
7160
8563
8731
341
89
6120
8363
786
562
6016
2904
5739
7384
2974
397
1905
166
9054
7456
4051
2562
7358
4157
9816
681
9444
4926
1430
9295
9141
7907
6475
1005
4887
3390
5929
7794
6908
74
7951
7558
1504
8295
4754
6957
4882
25
2301
7684
1399
2234
4963
244
7963
3000
9896
2646
8116
9667
3020
7912
320
278
2000
6022
5990
7630
2957
3845
1038
4791
6017
749
7541
7481
1808
2008
7777
4243
3754
7838
3518
7570
2127
2192
4391
3567
3066
977
9592
7247
6280
8463
7171
7577
3603
2669
6904
9679
4977
1526
1442
7087
904
5034
4499
7439
6781
9926
7682
1766
8116
5526
8945
8566
9941
7234
3653
6740
1487
2446
4175
4085
7684
3110
4282
2208
2689
5156
9996
6693
7369
395
9741
2556
4139
3298
7518
2971
1244
9991
7658
4421
1153
9571
845
9157
30
1883
1016
4518
458
494
511
1290
7050
6254
4242
7438
8039
9621
3500
786
812
3499
570
2167
5004
9518
1279
6090
1411
9071
9408
9153
3276
8439
805
5583
6450
4739
1495
6027
8676
5240
7094
2698
3617
5247
2186
2200
4535
6124
6322
1325
7604
3313
756
3903
5049
5927
5395
8843
5717
5577
5051
4198
3390
1859
1028
6849
5102
2740
4298
6976
5495
1187
3933
7435
2067
2426
188
5812
9500
4604
9012
4871
7755
4384
7022
2707
8938
9542
8161
3757
5297
1571
720
6618
343
850
2787
8696
4762
7457
3959
5813
1803
4790
4218
1182
6462
9882
7480
5777
5354
4682
7276
6370
9887
6472
6462
4600
1244
617
5822
7583
7866
3763
8982
5829
2057
6773
7244
3363
2252
9675
4928
6746
1104
6106
5261
7036
2517
6124
6604
5846
2686
3800
6659
9747
5380
2701
4289
72
1395
137
3135
9614
2729
3630
6671
4889
2128
6527
2544
3370
9222
8087
7377
216
329
9911
6272
9572
11
1395
1794
5677
4234
7433
6316
9082
7158
5617
8364
2927
7006
4453
6433
6142
1309
6734
7127
293
8438
4654
9395
4731
9925
2596
8474
8560
7017
5447
2926
2866
5789
1157
9561
5999
7629
7860
6592
2514
1479
6625
6631
4819
5088
4247
7236
3166
1865
9860
5782
4719
8948
1442
3157
8623
1050
8396
9295
7903
7895
3877
897
5495
2209
2615
1890
7032
9019
7128
8197
7913
5828
2117
9814
2396
7216
5121
2194
7538
9397
5322
9515
1751
1071
8696
137
2103
9977
3786
6503
6830
9939
6999
6936
269
2117
808
4569
7380
8597
4351
7126
8161
5278
318
76
9173
6745
5545
7061
9396
3961
8767
9617
2445
3849
3646
9354
4044
499
4590
266
2532
1835
6811
2238
6378
2953
9605
7532
9592
9627
2021
3492
6911
3538
9403
3458
7674
3876
7503
6245
7967
4771
620
2312
4656
5086
6419
9747
4132
2827
4770
5006
2528
6904
978
5115
9348
1758
9626
4064
8473
3949
4389
3545
6545
9954
4371
6332
8909
1255
2915
5113
8068
3770
1362
4340
8512
5484
7493
3160
3065
2191
4411
806
9329
5568
5420
6892
1385
115
3292
8445
19
4087
1917
5419
4480
2626
8673
3246
7851
9124
5488
1494
1083
4615
283
1386
3309
864
7450
2061
8049
4566
679
8315
7884
2849
5090
2007
9171
2245
8599
514
7906
3174
1994
6488
5491
8149
7643
9121
8183
6890
3032
9416
486
9143
1269
1994
47
3827
9487
9213
3544
987
4160
330
8351
4201
999
4385
39
2584
291
7846
7423
4552
8389
1987
2073
7433
193
8058
991
2369
2296
7238
8806
835
2143
3960
7666
2342
2354
8970
2546
3888
396
5215
3640
6427
726
1817
1180
1539
9868
3614
3239
1371
34
8268
3456
6213
7421
393
5705
3608
6426
3882
3240
8667
5956
6273
9845
3060
6600
3410
5430
6537
2312
5088
1963
7457
7103
5793
746
9784
4798
232
5574
8581
3339
1134
7479
5743
7523
4665
9123
9182
5061
669
7982
2961
4136
1555
8015
361
8479
4181
6507
9497
9424
6813
7439
1531
4512
5277
3765
7374
2226
2439
498
1695
7882
4627
4562
9062
4823
9230
2572
2855
1282
7764
5763
1911
2349
8743
2451
9738
3252
4758
8808
15
3754
4666
2231
7176
5345
9077
5341
3742
5581
2264
4288
761
8592
8377
9604
730
3723
2329
2883
1834
4800
6279
147
6120
8679
2983
9018
2412
6522
732
5794
3968
1879
4354
8866
9581
9283
2363
2723
7634
7238
7127
311
6411
4265
5791
6736
7565
6
2421
780
2960
7437
5554
2804
120
1724
1931
2118
3770
8141
1491
5329
173
5504
6568
7401
6730
7820
1048
964
4677
757
2208
7970
5685
4879
3683
5429
5874
5533
208
5466
41
745
1227
4954
1303
8163
316
8064
5856
1761
4175
254
3203
4520
8029
4507
9259
6296
7121
1672
5159
5477
9587
3975
9889
544
3135
9171
1733
7427
5637
8888
9112
787
4397
2895
8604
5506
8589
7775
5338
5198
7367
159
4809
2002
3213
4456
2945
2142
3197
7936
8942
8811
365
9974
9780
4986
6539
825
60
5133
7019
2603
4651
100
5857
2380
8552
9638
6687
363
8488
3020
1484
4444
6989
7650
1607
3792
5923
5228
2895
4335
3367
1003
2841
7013
4738
9329
8184
6320
2627
7239
9895
3933
6046
1071
1970
7517
9611
8469
3716
5052
753
5215
933
9174
7124
4828
1164
6048
4234
1881
8109
9954
7908
4774
4318
8559
2761
6695
7857
2878
7101
3641
7007
2421
5604
5738
1047
4831
1149
7367
2332
6183
6351
905
8319
7597
9317
2236
8259
6349
8034
3749
6161
7635
7059
4199
6528
4696
2085
7858
5560
2211
1653
9722
6758
8667
408
8935
8314
4157
3180
8224
224
219
4709
1935
6546
7512
2037
5583
6677
4622
8122
1256
8430
5338
2835
6469
810
5730
4756
7514
1522
3086
3246
6645
8225
4437
8307
1340
7796
4223
9921
188
4825
9935
9102
9381
7126
6084
8764
6948
8452
2109
7713
2402
7730
9728
1143
6188
9679
2833
2075
8586
3728
5681
4606
1536
5272
1327
7356
6630
6272
4323
8833
3488
786
5348
279
2078
9342
8320
5378
1847
6324
9951
6768
6166
4588
3603
7765
2440
9195
1397
1742
4272
3169
3574
8586
8254
883
5151
8226
9507
3542
178
3763
7067
7188
1583
6336
5625
9339
8972
6633
5214
6240
2389
6367
8510
5348
6942
3237
8243
5142
7276
8109
7681
2792
9251
284
2728
894
910
7645
3063
9571
2294
8877
1483
5342
816
9032
1282
8748
6433
8202
2797
2848
6822
2420
4669
7961
6224
387
5675
5065
3785
9472
8269
820
5712
6379
3823
4630
3975
3661
9743
3608
2221
4832
7075
2968
2048
5064
3275
4312
1289
9816
4712
2549
5750
432
2712
4226
5808
6453
23
9377
549
4024
2780
1802
7703
1823
6853
9072
7608
8303
2851
595
3918
4499
2964
5627
4409
4400
1924
8294
4828
71
8623
1533
9461
8148
7582
4744
5033
8135
9531
8830
4291
4650
4738
6470
8259
1419
5150
2722
7347
2005
8489
4986
8536
2087
9919
7346
1626
5030
9701
4106
362
2495
6737
7
6693
889
179
7901
8863
9682
7816
9800
2080
7388
2897
2910
6694
1595
8180
1367
7959
9932
4913
6571
4587
5167
7138
8492
4391
2520
3722
4901
8018
7160
6520
2882
4535
9228
6129
2949
4308
3721
9176
5632
9014
9155
9684
7337
7200
1078
319
8228
8407
4895
306
4037
5775
4409
5907
128
6535
7014
7384
6267
6415
3321
5286
4508
628
6560
1954
7789
1380
9995
549
3193
4231
9127
762
1635
7922
7348
4991
1933
298
3327
2947
1537
3674
4392
3490
7746
5380
5130
9831
6283
1255
4320
6951
5666
2730
6227
2953
5722
6512
6759
5834
3875
5457
3406
9065
8795
9149
3526
3029
8713
2852
9571
609
6457
5051
9301
9653
6727
8664
6211
3320
6720
4173
8476
5141
2818
5436
2552
1475
9406
1513
1053
6916
8506
1353
9676
3381
269
6354
7561
3489
9835
4832
7186
6926
6552
1994
4369
5173
9009
4728
2443
2171
5986
5851
8996
8646
4930
9323
6329
9458
3559
7462
4786
2803
8175
4109
4694
7623
9731
1070
1167
2131
8422
9027
4945
3153
2767
3019
5701
8048
5825
1088
8641
5462
9282
2023
6502
9844
243
5381
2739
4186
2062
4673
3812
9416
3598
6914
1839
4856
3647
8250
8772
979
7830
2894
5350
7985
4014
8233
9073
8829
8490
6092
9231
4409
3241
2053
816
1626
8872
4778
1956
3666
9107
8067
2572
6982
7327
1981
2846
746
68
323
9426
5754
1365
5000
855
1746
2565
1696
5809
2563
6513
4508
810
9669
1962
2820
1349
3353
8978
1101
5345
9610
7148
3467
2254
9467
9727
9884
3245
4286
4115
4785
6047
1748
5483
334
202
8011
1634
5152
5617
8255
6018
5997
3396
9300
2424
1772
2573
5986
8911
1877
5503
3029
9925
4766
7856
8090
9643
2969
5076
132
5450
3514
8065
7005
4934
5812
8725
5200
2737
7618
152
5483
9562
9246
5304
9664
1884
2455
2884
5761
2299
51
5418
8332
6194
1727
8133
7512
5826
9263
7435
2907
6779
4317
2098
4292
3748
3314
9014
34
3064
5015
4718
7844
5260
108
6897
8448
514
5343
3294
4897
3133
2454
922
889
1847
2542
9924
9847
6155
7403
8452
3783
4350
4421
391
6654
673
2630
8137
1990
5835
7362
1932
4219
5951
8739
4446
3267
1540
1503
3840
5974
4813
187
9775
5589
6235
5645
1544
9611
8712
8217
8641
2545
231
3504
2820
8293
3617
1999
4335
2212
6963
406
3610
9586
5699
1785
2417
5269
9912
1379
7436
9258
4876
5329
94
8357
2629
5873
9184
3506
2004
766
6208
5953
142
647
2061
9326
7783
9540
5262
4018
3621
7723
1047
3961
6143
8159
2272
3466
9682
4043
5132
6271
2727
6184
3531
7510
4810
3951
1293
1232
1790
2960
3873
8802
808
5789
8765
1097
4460
2678
1205
2868
4116
4668
4649
3246
1177
5564
8447
1478
6285
7542
3778
7201
6587
9299
211
6632
1201
9156
5481
6002
9132
263
1593
9884
7913
1889
5923
8453
9696
4978
8141
8551
5297
3003
4624
8474
7328
1347
8463
6531
4533
2873
6501
3549
1942
6346
2012
8842
6069
423
5787
7613
3360
9124
424
9851
5196
9168
8243
2680
2521
8980
408
2530
3166
661
1889
159
4889
1188
5353
1377
7040
8684
5610
4811
7968
3314
5614
8598
5294
6800
3288
4875
6951
4515
2078
9136
3588
5493
6883
7551
6437
1452
9321
7544
5053
6494
6201
1683
4688
8024
4528
7633
3718
7749
3570
9253
8594
3415
2514
6286
9580
1997
5769
4906
7219
4216
1861
5495
7360
9669
5068
2233
1184
5122
8190
49
1970
6373
4296
15
138
6990
4368
7246
2538
9054
4573
8596
2268
2242
4467
6389
6050
457
6241
1447
6906
4505
24
7957
2053
7964
6291
5357
1422
6838
5108
9586
4583
9449
9438
6762
8033
7418
5635
5769
3575
7480
8565
8030
9417
924
64
9295
6577
2861
3222
5905
5456
3566
9394
3994
6253
1658
8275
6345
3372
9299
9263
3734
2240
1502
5244
973
2893
4672
6395
1534
3220
7644
5617
2525
9438
6833
8509
3301
6924
664
8445
2110
2725
7767
5554
6085
4036
5121
4530
3582
4006
6113
2611
9234
5747
3025
2231
678
8926
3370
5351
4198
5077
4967
4235
2475
6186
4032
2888
1373
3899
4069
4710
6188
4362
9723
5301
6491
798
530
8552
8005
2525
1391
6049
4092
1299
5840
5462
8909
3701
4912
6154
2817
5349
3598
4859
6954
2325
1107
4918
5777
1827
3758
1031
2877
6239
2614
7677
1310
5229
6256
3145
5384
95
1374
2351
134
6992
1446
6966
2090
1642
4353
3490
898
5096
5182
2083
660
1462
279
1258
6441
108
773
515
1895
7
1880
3978
3053
8084
6619
4773
6198
5306
7430
8151
7273
7995
5823
8246
5572
8858
27
6683
6154
7277
4079
4828
412
768
709
9624
9560
356
1957
7944
2091
876
3263
8794
7107
8196
2487
2429
3339
16
9939
6185
7733
5849
3641
6037
230
4395
1509
7729
2080
3608
8035
7867
2386
2233
4704
931
8992
8920
9620
4001
4453
659
7129
7839
8646
3973
7892
8186
8508
1934
6522
7636
642
9797
4139
3549
9730
6092
3767
6560
9179
1657
4109
1563
7298
1365
7485
9235
200
9063
4296
2391
914
7615
2024
6948
9243
4229
8986
2442
8585
6285
7352
500
5284
7772
5701
1039
239
7031
3773
3494
2167
7803
1396
6501
1461
1768
6157
6719
4773
810
4070
28
5180
8748
5875
6935
1366
6243
6662
7014
777
3720
2257
4870
8588
6858
9681
7810
3359
7034
1200
3487
2193
5261
6399
1627
6438
2771
7522
3373
492
3920
8383
1777
3148
4603
6840
5123
7974
9163
4268
7982
375
9864
7706
8370
2531
598
4660
543
4269
4512
3767
8370
3189
4024
6813
9041
5843
5401
8851
5903
3626
8815
772
8389
6124
7110
2941
9525
6314
603
6493
3339
2293
7934
9672
4800
2554
5811
1173
9810
7998
9739
84
7127
1981
5211
9361
6310
9220
5912
9657
7480
7949
1862
6298
9450
7086
7406
7905
8887
1548
677
8425
7021
2569
9620
1373
9691
9937
9882
8966
8158
5725
736
9646
5662
8881
6915
4429
6306
2816
1224
4501
7189
2346
5024
2996
5250
7155
7972
8311
8152
8409
9442
2509
5698
76
2529
3325
6126
6836
5966
2746
6555
1100
4430
6124
5790
9741
354
1416
7125
7526
1300
7003
3077
5992
755
8684
9235
2187
1987
911
1198
2829
8008
9750
7379
2019
7895
2711
6549
8736
8446
8637
5308
9280
579
391
2821
5819
345
4040
3195
6562
8903
8195
6435
650
3392
3942
9729
6219
172
5759
6070
4223
1483
2707
9803
1698
2261
1989
5479
451
3929
8492
9681
1338
296
7220
5010
6154
8784
5691
5004
7145
8728
9704
9863
948
3179
9236
590
1737
5357
179
712
4010
5349
2371
5441
1674
1382
4364
9920
1055
4610
3307
7107
9199
2178
2188
8106
3228
7429
6000
768
7405
732
7528
1319
7484
8409
6176
1599
8909
8572
2838
5331
2232
8591
2948
1718
539
3233
6999
8011
8874
7201
6019
9194
3267
2235
9440
3319
9902
9045
2221
9000
2034
7869
3242
7258
568
5456
536
9902
2440
3263
8214
3412
4777
2799
9805
6631
8295
5455
9113
6732
1612
388
9932
8493
7199
3337
5974
4471
8782
3563
9588
3200
5672
4951
9642
3655
1875
664
8415
3700
8591
641
7556
8205
175
5079
965
8559
5986
3042
9006
8010
4465
5496
1407
3350
6597
453
7491
7586
3205
9095
4092
1033
1902
2581
2833
2728
8102
3030
8970
7495
7282
2162
2704
1942
1420
7851
4770
5510
7144
1404
2991
5590
7914
5394
8936
5113
5839
4084
1619
8
3495
4066
7832
5258
2974
2561
6894
7741
8753
7244
3574
9205
7290
2547
2267
56
487
8985
970
1781
3049
2781
417
1380
3706
3413
680
3584
359
3560
5809
9801
3531
8087
7020
9513
1097
2025
2472
6570
9900
675
7611
5219
779
7562
3430
8074
1003
3383
8877
8949
6756
2647
4791
3858
4735
2052
7272
7307
3999
4016
1523
815
3832
9909
4126
6825
5129
8349
5134
168
345
2962
764
7503
2085
1401
7990
8673
8812
2150
5011
8986
3797
9935
9079
6292
5434
1919
6654
4568
3306
9259
9692
5998
3192
6127
7917
3049
7213
1764
8970
3352
6729
6756
4438
2138
9284
3839
9512
1802
6580
3106
5485
4312
4142
6605
240
2452
9035
5317
4204
4445
609
3888
2421
5669
2373
7059
2976
5796
1655
7171
6297
4245
3707
6383
5493
1601
3168
1056
4801
754
5792
2963
8824
6746
1851
1380
2748
9292
5446
8513
2873
2080
6245
1916
4701
8147
6068
3735
8306
5527
1101
8090
2802
6829
3802
8779
7972
6918
5699
6114
3649
6933
750
8512
9612
391
2258
8307
5430
6537
5087
9856
3304
9083
7895
7847
2745
5145
3581
7434
3172
4656
7122
8543
412
5258
1118
3200
1528
1042
6602
3849
6950
3899
2243
3914
456
5669
1254
920
8180
222
4143
5431
7964
9732
7571
9042
7764
3506
1029
8763
3422
4159
7660
2669
7293
7537
4157
3126
5236
4248
6523
3536
4955
2401
6042
5295
9926
7231
6778
9059
652
5743
3644
4400
3308
4000
2542
3716
9500
8408
1798
8657
516
2642
4530
6689
2026
4432
8011
5457
132
7101
7637
1623
4632
4255
1298
6947
5715
9682
6033
2126
1273
2497
2610
1290
4298
3750
787
6775
3797
3861
2481
637
7774
8888
9565
5338
7553
2390
7929
6982
9742
3053
795
2319
3620
8375
2321
375
1729
3056
629
641
4370
2445
1802
2492
4551
9661
2293
1975
8645
4701
4226
985
4007
6262
8217
9851
5312
7090
3078
1784
4067
9294
4891
5219
1125
3803
1199
7419
4639
2997
5513
5200
8470
9752
2014
2657
4338
5089
3475
9820
7839
3249
1234
2234
2393
1587
2472
8885
990
1675
2584
577
1834
6340
8584
6165
9869
177
8882
4729
2454
2926
6449
4854
2015
444
9340
1877
9167
1023
248
8684
7109
3079
8959
7848
4869
8661
4049
5892
8142
8944
3791
3411
5400
8266
3631
6885
62
2501
6728
6469
3910
4535
9433
880
5925
2936
2385
7783
8680
641
2246
398
6085
6149
1532
8624
4531
6468
6725
7887
9351
4456
455
2028
7145
4049
5860
9639
6804
2255
2984
1761
9901
3601
6616
9692
1733
1698
7880
465
9869
4650
4071
6810
8154
8666
2872
4711
7863
5361
5733
9468
2249
9640
5902
5840
1139
1594
7632
6866
2586
5629
3722
2742
3261
8211
3446
7018
3450
7136
9215
6955
5638
7819
566
1816
7662
3524
4567
165
2556
9346
5352
3771
8171
298
7455
3291
5277
646
8542
2099
7511
1387
6935
6290
1265
1334
8212
8581
3917
2694
921
124
7033
1445
3661
1496
58
1880
1720
9119
633
3990
6816
8067
7254
4326
5749
8360
873
7246
9008
647
478
5621
204
7745
6869
1789
6368
1996
6660
1138
6378
2374
7897
9587
2599
6273
538
622
1443
765
1885
6710
1763
2188
6144
9558
2352
1786
2752
1444
5734
6140
4329
9669
7258
7873
6294
5788
9883
9842
5502
6686
58
7519
2897
3151
5828
3286
2325
6134
8367
223
4379
482
3131
676
3095
4501
4793
4665
5645
7704
305
4237
2320
7168
1502
7953
6811
2201
6263
3921
8827
2727
956
9768
1970
798
1029
6605
2685
7164
5751
3295
3853
1624
6439
2109
6284
1427
2470
7770
2976
3874
8835
5699
2107
6428
5133
6071
3987
3430
275
1302
1920
4355
9800
3412
5905
152
3747
9874
6745
8281
9642
5857
8109
8856
7977
7768
780
1562
6815
776
1455
2923
3178
618
2355
6790
2916
938
4145
6441
8866
5722
1446
2179
4327
1865
4714
5530
3992
8910
8499
3535
8411
6088
9798
569
1910
3075
2219
9897
5630
3071
9415
3915
8812
4867
7696
2566
606
1918
7364
5294
7238
6284
5496
2675
3870
9395
8095
7438
8525
3151
8766
2385
952
4250
375
8301
594
3053
1044
717
2443
5854
2473
493
2525
8279
2371
8078
636
3798
6477
2062
9823
9422
6191
6009
8769
8341
2325
4661
201
5545
4187
442
4029
