39
80
93
12
2
83
17
33
96
66
63
22
91
31
23
84
36
90
63
67
41
11
50
8
68

2

81
76
16
28
2
87
18
99
15
32
39
49
55
14
76
50
76
55
4
32
12
36
60
86
4
95
62
8
91
15
56
92
26
31
59
10
95
44
41
86
44
24
52
39
70
32
41
79
10
5
15
29
72
55
72
74
9
42
80
24
53
81
79
71
29
48
40
52
7
95
9
21
13
6
51
77
36
29
50
68
44
45
64
15
37
55
70
20
82
14
7
73
35
86
63
21
95
83
43
55
37
37
89
76
48
81
80
27
6
31
68
67
46
69
82
1
96
60
67
23
98
62
71
101
49
101
71
101
64
45
93
89
8
36
21
79
52
38
91
43
16
8
73
33
17
70
5
75
3
43
70
18
34
83
15
36
93
69
96
54
6
94
8
83
95
67
20
66
43
13
64
36
9
2
1
73
73
15
99
75
37
62
19
31
50
45
52
74
41
17
14
35
36
101
94
40
95
85
1
